L -200.5000, -185.5000, -43.5000, -657.5000, -185.5000, -43.5000, 0, 0, 0
L -657.5000, -185.5000, -43.5000, -657.5000, -301.5000, -43.5000, 0, 0, 0
L -657.5000, -301.5000, -43.5000, -200.5000, -301.5000, -43.5000, 0, 0, 0
L -200.5000, -301.5000, -43.5000, -200.5000, -185.5000, -43.5000, 0, 0, 0
L 299.5000, 848.5000, -28.0000, 89.5000, 848.5000, -28.0000, 0, 0, 0
L 89.5000, 848.5000, -28.0000, 89.5000, 695.5000, -28.0000, 0, 0, 0
L 89.5000, 695.5000, -28.0000, 299.5000, 696.5000, -28.0000, 0, 0, 0
L 299.5000, 696.5000, -28.0000, 299.5000, 848.5000, -28.0000, 0, 0, 0
L 299.5000, 848.5000, -6.5000, 89.5000, 848.5000, -6.5000, 0, 0, 0
L 89.5000, 848.5000, -6.5000, 90.5000, 695.5000, -6.5000, 0, 0, 0
L 90.5000, 695.5000, -6.5000, 299.5000, 695.5000, -6.5000, 0, 0, 0
L 299.5000, 695.5000, -6.5000, 299.5000, 848.5000, -6.5000, 0, 0, 0
L 190.5000, -510.5000, 2.5000, 185.5000, -506.5000, 2.5000, 0, 0, 0
L 185.5000, -506.5000, 2.5000, 185.5000, -527.5000, 2.5000, 0, 0, 0
L 185.5000, -527.5000, 2.5000, 190.5000, -523.5000, 2.5000, 0, 0, 0
L 190.5000, -523.5000, 2.5000, 190.5000, -510.5000, 2.5000, 0, 0, 0
L 190.5000, -564.5000, 2.5000, 185.5000, -560.5000, 2.5000, 0, 0, 0
L 185.5000, -560.5000, 2.5000, 185.5000, -581.5000, 2.5000, 0, 0, 0
L 185.5000, -581.5000, 2.5000, 190.5000, -577.5000, 2.5000, 0, 0, 0
L 190.5000, -577.5000, 2.5000, 190.5000, -564.5000, 2.5000, 0, 0, 0
L 190.5000, -618.5000, 2.5000, 185.5000, -614.5000, 2.5000, 0, 0, 0
L 185.5000, -614.5000, 2.5000, 185.5000, -635.5000, 2.5000, 0, 0, 0
L 185.5000, -635.5000, 2.5000, 190.5000, -631.5000, 2.5000, 0, 0, 0
L 190.5000, -631.5000, 2.5000, 190.5000, -618.5000, 2.5000, 0, 0, 0
L 176.5000, 514.5000, -8.0000, 137.5000, 489.5000, -8.0000, 0, 0, 0
L 137.5000, 489.5000, -8.0000, 176.5000, 494.5000, -8.0000, 0, 0, 0
L 176.5000, 494.5000, -8.0000, 176.5000, 514.5000, -8.0000, 0, 0, 0
L 162.5000, -642.5000, 2.5000, 125.5000, -642.5000, 2.5000, 0, 0, 0
L 125.5000, -642.5000, 2.5000, 125.5000, -649.5000, 2.5000, 0, 0, 0
L 125.5000, -649.5000, 2.5000, 162.5000, -649.5000, 2.5000, 0, 0, 0
L 162.5000, -649.5000, 2.5000, 162.5000, -642.5000, 2.5000, 0, 0, 0
L 158.5000, -462.5000, -5.6000, 147.5000, -462.5000, -9.6667, 0, 0, 0
L 147.5000, -462.5000, -9.6667, 147.5000, -457.5000, -11.0000, 0, 0, 0
L 147.5000, -457.5000, -11.0000, 140.5000, -457.5000, -10.5000, 0, 0, 0
L 140.5000, -457.5000, -10.5000, 140.5000, -462.5000, 0.6000, 0, 0, 0
L 140.5000, -462.5000, 0.6000, 129.5000, -462.5000, -5.9999, 0, 0, 0
L 129.5000, -462.5000, -5.9999, 129.5000, -499.5000, -5.9999, 0, 0, 0
L 129.5000, -499.5000, -5.9999, 158.5000, -499.5000, -5.6000, 0, 0, 0
L 158.5000, -499.5000, -5.6000, 158.5000, -462.5000, -5.6000, 0, 0, 0
L 158.5000, -534.5000, -5.6000, 129.5000, -534.5000, -5.9999, 0, 0, 0
L 129.5000, -534.5000, -5.9999, 129.5000, -553.5000, -5.9999, 0, 0, 0
L 129.5000, -553.5000, -5.9999, 158.5000, -553.5000, -5.6000, 0, 0, 0
L 158.5000, -553.5000, -5.6000, 158.5000, -534.5000, -5.6000, 0, 0, 0
L 158.5000, -588.5000, -6.0000, 129.5000, -588.5000, -5.9999, 0, 0, 0
L 129.5000, -588.5000, -5.9999, 129.5000, -607.5000, -5.9999, 0, 0, 0
L 129.5000, -607.5000, -5.9999, 158.5000, -607.5000, -5.6000, 0, 0, 0
L 158.5000, -607.5000, -5.6000, 158.5000, -588.5000, -6.0000, 0, 0, 0
L 102.5000, -506.5000, 2.5000, 97.5000, -510.5000, 2.5000, 0, 0, 0
L 97.5000, -510.5000, 2.5000, 97.5000, -523.5000, 2.5000, 0, 0, 0
L 97.5000, -523.5000, 2.5000, 101.5000, -527.5000, 2.5000, 0, 0, 0
L 101.5000, -527.5000, 2.5000, 102.5000, -506.5000, 2.5000, 0, 0, 0
L 102.5000, -560.5000, 2.5000, 97.5000, -564.5000, 2.5000, 0, 0, 0
L 97.5000, -564.5000, 2.5000, 97.5000, -577.5000, 2.5000, 0, 0, 0
L 97.5000, -577.5000, 2.5000, 101.5000, -581.5000, 2.5000, 0, 0, 0
L 101.5000, -581.5000, 2.5000, 102.5000, -560.5000, 2.5000, 0, 0, 0
L 102.5000, -614.5000, 2.5000, 97.5000, -618.5000, 2.5000, 0, 0, 0
L 97.5000, -618.5000, 2.5000, 97.5000, -631.5000, 2.5000, 0, 0, 0
L 97.5000, -631.5000, 2.5000, 101.5000, -635.5000, 2.5000, 0, 0, 0
L 101.5000, -635.5000, 2.5000, 102.5000, -614.5000, 2.5000, 0, 0, 0
L -151.5000, 551.5000, 1.7333, -152.5000, 573.5000, -8.0000, 0, 0, 0
L -152.5000, 573.5000, -8.0000, -187.5000, 573.5000, -8.0000, 0, 0, 0
L -187.5000, 573.5000, -8.0000, -185.5000, 556.5000, -8.0000, 0, 0, 0
L -185.5000, 556.5000, -8.0000, -177.5000, 545.5000, -8.0000, 0, 0, 0
L -177.5000, 545.5000, -8.0000, -166.5000, 540.5000, -8.0000, 0, 0, 0
L -166.5000, 540.5000, -8.0000, -152.5000, 539.5000, -8.0000, 0, 0, 0
L -152.5000, 539.5000, -8.0000, -151.5000, 551.5000, 1.7333, 0, 0, 0
L -152.5000, 487.5000, -8.0000, -164.5000, 487.5000, -8.0000, 0, 0, 0
L -164.5000, 487.5000, -8.0000, -180.5000, 479.5000, -8.0000, 0, 0, 0
L -180.5000, 479.5000, -8.0000, -187.5000, 465.5000, -8.0000, 0, 0, 0
L -187.5000, 465.5000, -8.0000, -187.5000, 453.5000, -8.0000, 0, 0, 0
L -187.5000, 453.5000, -8.0000, -152.5000, 453.5000, -8.0000, 0, 0, 0
L -152.5000, 453.5000, -8.0000, -152.5000, 487.5000, -8.0000, 0, 0, 0
L -202.5000, -185.5000, -5.5000, -654.5000, -185.5000, -5.5000, 0, 0, 0
L -654.5000, -185.5000, -5.5000, -655.5000, -301.5000, -5.5000, 0, 0, 0
L -655.5000, -301.5000, -5.5000, -202.5000, -301.5000, -5.5000, 0, 0, 0
L -202.5000, -301.5000, -5.5000, -202.5000, -185.5000, -5.5000, 0, 0, 0
L -238.5000, 465.5000, -8.0000, -243.5000, 477.5000, -8.0000, 0, 0, 0
L -243.5000, 477.5000, -8.0000, -250.5000, 483.5000, -8.0000, 0, 0, 0
L -250.5000, 483.5000, -8.0000, -261.5000, 487.5000, -8.0000, 0, 0, 0
L -261.5000, 487.5000, -8.0000, -273.5000, 487.5000, -8.0000, 0, 0, 0
L -273.5000, 487.5000, -8.0000, -273.5000, 453.5000, -8.0000, 0, 0, 0
L -273.5000, 453.5000, -8.0000, -238.5000, 453.5000, -8.0000, 0, 0, 0
L -238.5000, 453.5000, -8.0000, -238.5000, 465.5000, -8.0000, 0, 0, 0
L -408.5000, 85.5000, -12.0000, -413.5000, 103.5000, -12.0000, 0, 0, 0
L -413.5000, 103.5000, -12.0000, -428.5000, 121.5000, -12.0000, 0, 0, 0
L -428.5000, 121.5000, -12.0000, -443.5000, 129.5000, -12.0000, 0, 0, 0
L -443.5000, 129.5000, -12.0000, -471.5000, 129.5000, -12.0000, 0, 0, 0
L -471.5000, 129.5000, -12.0000, -486.5000, 120.5000, -12.0000, 0, 0, 0
L -486.5000, 120.5000, -12.0000, -499.5000, 105.5000, -12.0000, 0, 0, 0
L -499.5000, 105.5000, -12.0000, -505.5000, 87.5000, -12.0000, 0, 0, 0
L -505.5000, 87.5000, -12.0000, -505.5000, 73.5000, -12.0000, 0, 0, 0
L -505.5000, 73.5000, -12.0000, -499.5000, 54.5000, -12.0000, 0, 0, 0
L -499.5000, 54.5000, -12.0000, -481.5000, 38.5000, -12.0000, 0, 0, 0
L -481.5000, 38.5000, -12.0000, -470.5000, 32.5000, -12.0000, 0, 0, 0
L -470.5000, 32.5000, -12.0000, -443.5000, 32.5000, -12.0000, 0, 0, 0
L -443.5000, 32.5000, -12.0000, -416.5000, 51.5000, -12.0000, 0, 0, 0
L -416.5000, 51.5000, -12.0000, -409.5000, 67.5000, -12.0000, 0, 0, 0
L -409.5000, 67.5000, -12.0000, -408.5000, 85.5000, -12.0000, 0, 0, 0
L 332.5000, 769.0000, 7.9697, 328.5000, 769.0000, 12.0000, 0, 0, 0
L 328.5000, 769.0000, 12.0000, 318.5000, 730.0000, 11.8745, 0, 0, 0
L 318.5000, 730.0000, 11.8745, 328.5000, 750.0000, 7.0073, 0, 0, 0
L 328.5000, 750.0000, 7.0073, 332.5000, 769.0000, 7.9697, 0, 0, 0
L 329.5000, 817.0000, 11.6383, 322.5000, 836.0000, 7.1160, 0, 0, 0
L 322.5000, 836.0000, 7.1160, 301.5000, 854.0000, 11.9369, 0, 0, 0
L 301.5000, 854.0000, 11.9369, 317.5000, 836.0000, 11.7425, 0, 0, 0
L 317.5000, 836.0000, 11.7425, 328.5000, 814.0000, 12.0009, 0, 0, 0
L 328.5000, 814.0000, 12.0009, 329.5000, 817.0000, 11.6383, 0, 0, 0
L 327.5000, 711.0000, 7.4247, 318.5000, 728.0000, 12.0061, 0, 0, 0
L 318.5000, 728.0000, 12.0061, 322.5000, 713.0000, 12.0115, 0, 0, 0
L 322.5000, 713.0000, 12.0115, 320.5000, 701.0000, 16.0000, 0, 0, 0
L 320.5000, 701.0000, 16.0000, 327.5000, 711.0000, 7.4247, 0, 0, 0
L 303.5000, 861.0000, 6.9659, 301.5000, 869.0000, 8.8190, 0, 0, 0
L 301.5000, 869.0000, 8.8190, 295.5000, 875.0000, 15.6036, 0, 0, 0
L 295.5000, 875.0000, 15.6036, 299.5000, 854.0000, 12.0626, 0, 0, 0
L 299.5000, 854.0000, 12.0626, 303.5000, 855.0000, 8.3026, 0, 0, 0
L 303.5000, 855.0000, 8.3026, 303.5000, 861.0000, 6.9659, 0, 0, 0
L 284.5000, 670.0000, 7.2498, 272.5000, 672.0000, 12.0246, 0, 0, 0
L 272.5000, 672.0000, 12.0246, 256.5000, 668.0000, 12.0067, 0, 0, 0
L 256.5000, 668.0000, 12.0067, 269.5000, 666.0000, 7.0101, 0, 0, 0
L 269.5000, 666.0000, 7.0101, 284.5000, 670.0000, 7.2498, 0, 0, 0
L 254.5000, 666.0000, 11.8066, 247.5000, 651.0000, 15.5010, 0, 0, 0
L 247.5000, 651.0000, 15.5010, 254.5000, 659.0000, 7.5738, 0, 0, 0
L 254.5000, 659.0000, 7.5738, 254.5000, 666.0000, 11.8066, 0, 0, 0
L 243.5000, 901.0000, 7.5653, 225.5000, 898.0000, 7.5422, 0, 0, 0
L 225.5000, 898.0000, 7.5422, 243.5000, 897.0000, 11.5655, 0, 0, 0
L 243.5000, 897.0000, 11.5655, 243.5000, 901.0000, 7.5653, 0, 0, 0
L 239.5000, -41.0000, 8.0000, 78.5000, -41.0000, 8.0000, 0, 0, 0
L 78.5000, -41.0000, 8.0000, 78.5000, -164.0000, 8.0000, 0, 0, 0
L 78.5000, -164.0000, 8.0000, 239.5000, -164.0000, 8.0000, 0, 0, 0
L 239.5000, -164.0000, 8.0000, 239.5000, -41.0000, 8.0000, 0, 0, 0
L 229.5000, 565.0000, 15.5500, 224.5000, 551.0000, 12.1916, 0, 0, 0
L 224.5000, 551.0000, 12.1916, 224.5000, 532.0000, 16.0002, 0, 0, 0
L 224.5000, 532.0000, 16.0002, 229.5000, 547.0000, 7.9000, 0, 0, 0
L 229.5000, 547.0000, 7.9000, 229.5000, 565.0000, 15.5500, 0, 0, 0
L 229.5000, 533.0000, 7.0000, 222.5000, 517.0000, 11.6561, 0, 0, 0
L 222.5000, 517.0000, 11.6561, 223.5000, 499.0000, 6.9124, 0, 0, 0
L 223.5000, 499.0000, 6.9124, 229.5000, 533.0000, 7.0000, 0, 0, 0
L 226.5000, 627.0000, 7.6667, 222.5000, 627.0000, 11.6666, 0, 0, 0
L 222.5000, 627.0000, 11.6666, 223.5000, 597.0000, 15.8420, 0, 0, 0
L 223.5000, 597.0000, 15.8420, 226.5000, 627.0000, 7.6667, 0, 0, 0
L 216.5000, -44.0000, 8.0000, 215.5000, -107.0000, 8.0000, 0, 0, 0
L 215.5000, -107.0000, 8.0000, 216.5000, -44.0000, 8.0000, 0, 0, 0
L 198.5000, 470.0000, 7.0905, 167.5000, 470.0000, 9.7184, 0, 0, 0
L 167.5000, 470.0000, 9.7184, 160.5000, 467.0000, 6.9255, 0, 0, 0
L 160.5000, 467.0000, 6.9255, 198.5000, 470.0000, 7.0905, 0, 0, 0
L 189.5000, 583.0000, 11.7081, 182.5000, 597.0000, 7.0002, 0, 0, 0
L 182.5000, 597.0000, 7.0002, 185.5000, 584.0000, 6.9998, 0, 0, 0
L 185.5000, 584.0000, 6.9998, 183.5000, 565.0000, 7.0367, 0, 0, 0
L 183.5000, 565.0000, 7.0367, 189.5000, 583.0000, 11.7081, 0, 0, 0
L 187.5000, 599.0000, 15.7143, 181.5000, 611.0000, 10.6762, 0, 0, 0
L 181.5000, 611.0000, 10.6762, 181.5000, 627.0000, 11.3333, 0, 0, 0
L 181.5000, 627.0000, 11.3333, 177.5000, 627.0000, 7.3334, 0, 0, 0
L 177.5000, 627.0000, 7.3334, 177.5000, 612.0000, 7.1790, 0, 0, 0
L 177.5000, 612.0000, 7.1790, 185.5000, 598.0000, 15.1954, 0, 0, 0
L 185.5000, 598.0000, 15.1954, 187.5000, 599.0000, 15.7143, 0, 0, 0
L 187.5000, 565.0000, 15.8625, 181.5000, 550.0000, 7.3187, 0, 0, 0
L 181.5000, 550.0000, 7.3187, 182.5000, 533.0000, 15.8630, 0, 0, 0
L 182.5000, 533.0000, 15.8630, 187.5000, 565.0000, 15.8625, 0, 0, 0
L 184.5000, -511.0000, 11.6000, 177.5000, -508.0000, 16.4999, 0, 0, 0
L 177.5000, -508.0000, 16.4999, 174.5000, -501.0000, 12.2000, 0, 0, 0
L 174.5000, -501.0000, 12.2000, 113.5000, -501.0000, 11.0000, 0, 0, 0
L 113.5000, -501.0000, 11.0000, 113.5000, -504.0000, 15.5000, 0, 0, 0
L 113.5000, -504.0000, 15.5000, 103.5000, -511.0000, 11.3000, 0, 0, 0
L 103.5000, -511.0000, 11.3000, 103.5000, -524.0000, 11.3000, 0, 0, 0
L 103.5000, -524.0000, 11.3000, 107.5000, -524.0000, 15.5000, 0, 0, 0
L 107.5000, -524.0000, 15.5000, 113.5000, -533.0000, 11.2997, 0, 0, 0
L 113.5000, -533.0000, 11.2997, 174.5000, -533.0000, 11.2997, 0, 0, 0
L 174.5000, -533.0000, 11.2997, 180.5000, -524.0000, 15.4999, 0, 0, 0
L 180.5000, -524.0000, 15.4999, 184.5000, -524.0000, 11.6000, 0, 0, 0
L 184.5000, -524.0000, 11.6000, 184.5000, -511.0000, 11.6000, 0, 0, 0
L 184.5000, -565.0000, 11.6000, 179.5000, -564.0000, 16.5003, 0, 0, 0
L 179.5000, -564.0000, 16.5003, 174.5000, -555.0000, 12.2001, 0, 0, 0
L 174.5000, -555.0000, 12.2001, 113.5000, -555.0000, 11.0000, 0, 0, 0
L 113.5000, -555.0000, 11.0000, 113.5000, -558.0000, 15.5001, 0, 0, 0
L 113.5000, -558.0000, 15.5001, 103.5000, -565.0000, 11.3000, 0, 0, 0
L 103.5000, -565.0000, 11.3000, 103.5000, -578.0000, 11.3000, 0, 0, 0
L 103.5000, -578.0000, 11.3000, 107.5000, -578.0000, 15.5000, 0, 0, 0
L 107.5000, -578.0000, 15.5000, 113.5000, -587.0000, 11.2997, 0, 0, 0
L 113.5000, -587.0000, 11.2997, 174.5000, -587.0000, 11.2997, 0, 0, 0
L 174.5000, -587.0000, 11.2997, 180.5000, -578.0000, 15.4999, 0, 0, 0
L 180.5000, -578.0000, 15.4999, 184.5000, -578.0000, 11.6000, 0, 0, 0
L 184.5000, -578.0000, 11.6000, 184.5000, -565.0000, 11.6000, 0, 0, 0
L 184.5000, -619.0000, 11.6000, 179.5000, -618.0000, 16.5003, 0, 0, 0
L 179.5000, -618.0000, 16.5003, 174.5000, -609.0000, 12.2001, 0, 0, 0
L 174.5000, -609.0000, 12.2001, 113.5000, -609.0000, 11.0000, 0, 0, 0
L 113.5000, -609.0000, 11.0000, 113.5000, -612.0000, 15.5001, 0, 0, 0
L 113.5000, -612.0000, 15.5001, 103.5000, -619.0000, 11.3000, 0, 0, 0
L 103.5000, -619.0000, 11.3000, 103.5000, -632.0000, 11.3000, 0, 0, 0
L 103.5000, -632.0000, 11.3000, 107.5000, -632.0000, 15.7000, 0, 0, 0
L 107.5000, -632.0000, 15.7000, 113.5000, -641.0000, 11.2997, 0, 0, 0
L 113.5000, -641.0000, 11.2997, 174.5000, -641.0000, 11.2997, 0, 0, 0
L 174.5000, -641.0000, 11.2997, 180.5000, -632.0000, 15.4999, 0, 0, 0
L 180.5000, -632.0000, 15.4999, 184.5000, -632.0000, 11.6000, 0, 0, 0
L 184.5000, -632.0000, 11.6000, 184.5000, -619.0000, 11.6000, 0, 0, 0
L 181.5000, 521.0000, 11.0001, 178.5000, 533.0000, 7.0834, 0, 0, 0
L 178.5000, 533.0000, 7.0834, 177.5000, 516.0000, 7.3335, 0, 0, 0
L 177.5000, 516.0000, 7.3335, 181.5000, 516.0000, 11.3335, 0, 0, 0
L 181.5000, 516.0000, 11.3335, 181.5000, 521.0000, 11.0001, 0, 0, 0
L 180.5000, -511.0000, 16.4999, 174.5000, -529.0000, 15.4995, 0, 0, 0
L 174.5000, -529.0000, 15.4995, 161.5000, -527.0000, 17.7000, 0, 0, 0
L 161.5000, -527.0000, 17.7000, 161.5000, -530.0000, 14.2999, 0, 0, 0
L 161.5000, -530.0000, 14.2999, 136.5000, -527.0000, 17.7000, 0, 0, 0
L 136.5000, -527.0000, 17.7000, 113.5000, -529.0000, 15.6997, 0, 0, 0
L 113.5000, -529.0000, 15.6997, 107.5000, -513.0000, 14.9000, 0, 0, 0
L 107.5000, -513.0000, 14.9000, 113.5000, -505.0000, 15.9000, 0, 0, 0
L 113.5000, -505.0000, 15.9000, 175.5000, -507.0000, 16.4999, 0, 0, 0
L 175.5000, -507.0000, 16.4999, 180.5000, -511.0000, 16.4999, 0, 0, 0
L 180.5000, -565.0000, 16.5004, 174.5000, -583.0000, 15.4995, 0, 0, 0
L 174.5000, -583.0000, 15.4995, 161.5000, -581.0000, 17.7000, 0, 0, 0
L 161.5000, -581.0000, 17.7000, 161.5000, -584.0000, 14.2999, 0, 0, 0
L 161.5000, -584.0000, 14.2999, 137.5000, -581.0000, 17.7000, 0, 0, 0
L 137.5000, -581.0000, 17.7000, 113.5000, -583.0000, 15.6997, 0, 0, 0
L 113.5000, -583.0000, 15.6997, 107.5000, -567.0000, 14.9000, 0, 0, 0
L 107.5000, -567.0000, 14.9000, 113.5000, -559.0000, 15.9001, 0, 0, 0
L 113.5000, -559.0000, 15.9001, 166.5000, -559.0000, 16.3001, 0, 0, 0
L 166.5000, -559.0000, 16.3001, 180.5000, -565.0000, 16.5004, 0, 0, 0
L 180.5000, -619.0000, 16.5004, 174.5000, -637.0000, 15.4995, 0, 0, 0
L 174.5000, -637.0000, 15.4995, 161.5000, -635.0000, 17.7000, 0, 0, 0
L 161.5000, -635.0000, 17.7000, 161.5000, -638.0000, 14.2999, 0, 0, 0
L 161.5000, -638.0000, 14.2999, 136.5000, -635.0000, 17.7000, 0, 0, 0
L 136.5000, -635.0000, 17.7000, 113.5000, -637.0000, 15.6997, 0, 0, 0
L 113.5000, -637.0000, 15.6997, 107.5000, -621.0000, 15.7000, 0, 0, 0
L 107.5000, -621.0000, 15.7000, 113.5000, -614.0000, 17.2126, 0, 0, 0
L 113.5000, -614.0000, 17.2126, 166.5000, -614.0000, 17.1001, 0, 0, 0
L 166.5000, -614.0000, 17.1001, 175.5000, -615.0000, 16.5001, 0, 0, 0
L 175.5000, -615.0000, 16.5001, 176.5000, -619.0000, 18.1003, 0, 0, 0
L 176.5000, -619.0000, 18.1003, 180.5000, -619.0000, 16.5004, 0, 0, 0
L 176.5000, 515.0000, 8.4623, 159.5000, 518.0000, 6.9999, 0, 0, 0
L 159.5000, 518.0000, 6.9999, 173.5000, 512.0000, 10.8491, 0, 0, 0
L 173.5000, 512.0000, 10.8491, 176.5000, 512.0000, 11.8543, 0, 0, 0
L 176.5000, 512.0000, 11.8543, 176.5000, 515.0000, 8.4623, 0, 0, 0
L 160.5000, 514.0000, 15.9003, 147.5000, 518.0000, 8.7001, 0, 0, 0
L 147.5000, 518.0000, 8.7001, 127.5000, 518.0000, 15.9333, 0, 0, 0
L 127.5000, 518.0000, 15.9333, 143.5000, 513.0000, 12.0004, 0, 0, 0
L 143.5000, 513.0000, 12.0004, 160.5000, 514.0000, 15.9003, 0, 0, 0
L 160.5000, 472.0000, 15.7595, 127.5000, 476.0000, 16.0000, 0, 0, 0
L 127.5000, 476.0000, 16.0000, 141.5000, 471.0000, 8.0277, 0, 0, 0
L 141.5000, 471.0000, 8.0277, 160.5000, 472.0000, 15.7595, 0, 0, 0
L 159.5000, 875.0000, 16.0000, 152.5000, 867.0000, 7.3300, 0, 0, 0
L 152.5000, 867.0000, 7.3300, 152.5000, 860.0000, 11.3211, 0, 0, 0
L 152.5000, 860.0000, 11.3211, 158.5000, 868.0000, 13.0546, 0, 0, 0
L 158.5000, 868.0000, 13.0546, 159.5000, 875.0000, 16.0000, 0, 0, 0
L 159.5000, 654.0000, 15.2070, 152.5000, 666.0000, 11.5415, 0, 0, 0
L 152.5000, 666.0000, 11.5415, 153.5000, 657.0000, 9.2206, 0, 0, 0
L 153.5000, 657.0000, 9.2206, 158.5000, 651.0000, 16.0070, 0, 0, 0
L 158.5000, 651.0000, 16.0070, 159.5000, 654.0000, 15.2070, 0, 0, 0
L 154.5000, -309.0000, 3.7000, 3.5000, -309.0000, 3.1000, 0, 0, 0
L 3.5000, -309.0000, 3.1000, 3.5000, -329.0000, 3.4001, 0, 0, 0
L 3.5000, -329.0000, 3.4001, 133.5000, -329.0000, 2.8001, 0, 0, 0
L 133.5000, -329.0000, 2.8001, 133.5000, -459.0000, 2.8001, 0, 0, 0
L 133.5000, -459.0000, 2.8001, 154.5000, -459.0000, 3.1000, 0, 0, 0
L 154.5000, -459.0000, 3.1000, 154.5000, -309.0000, 3.7000, 0, 0, 0
L 153.5000, -167.0000, 8.0000, 80.5000, -167.0000, 8.0000, 0, 0, 0
L 80.5000, -167.0000, 8.0000, 80.5000, -215.0000, 8.0000, 0, 0, 0
L 80.5000, -215.0000, 8.0000, 66.5000, -215.0000, 8.0000, 0, 0, 0
L 66.5000, -215.0000, 8.0000, 66.5000, -225.0000, 8.0000, 0, 0, 0
L 66.5000, -225.0000, 8.0000, 62.5000, -229.0000, 8.0000, 0, 0, 0
L 62.5000, -229.0000, 8.0000, 57.5000, -233.0000, 8.0000, 0, 0, 0
L 57.5000, -233.0000, 8.0000, 47.5000, -233.0000, 8.0000, 0, 0, 0
L 47.5000, -233.0000, 8.0000, 47.5000, -245.0000, 8.0000, 0, 0, 0
L 47.5000, -245.0000, 8.0000, 58.5000, -237.0000, 8.0000, 0, 0, 0
L 58.5000, -237.0000, 8.0000, 47.5000, -247.0000, 8.0000, 0, 0, 0
L 47.5000, -247.0000, 8.0000, 47.5000, -303.0000, 8.0000, 0, 0, 0
L 47.5000, -303.0000, 8.0000, 120.5000, -303.0000, 8.0000, 0, 0, 0
L 120.5000, -303.0000, 8.0000, 120.5000, -256.0000, 8.0000, 0, 0, 0
L 120.5000, -256.0000, 8.0000, 134.5000, -255.0000, 8.0000, 0, 0, 0
L 134.5000, -255.0000, 8.0000, 134.5000, -245.0000, 8.0000, 0, 0, 0
L 134.5000, -245.0000, 8.0000, 143.5000, -237.0000, 8.0000, 0, 0, 0
L 143.5000, -237.0000, 8.0000, 153.5000, -237.0000, 8.0000, 0, 0, 0
L 153.5000, -237.0000, 8.0000, 153.5000, -167.0000, 8.0000, 0, 0, 0
L 153.5000, -246.0000, 8.0000, 142.5000, -246.0000, 8.0000, 0, 0, 0
L 142.5000, -246.0000, 8.0000, 142.5000, -256.0000, 8.0000, 0, 0, 0
L 142.5000, -256.0000, 8.0000, 153.5000, -255.0000, 8.0000, 0, 0, 0
L 153.5000, -255.0000, 8.0000, 153.5000, -246.0000, 8.0000, 0, 0, 0
L 149.5000, 860.0000, 8.2376, 106.5000, 860.0000, 6.9456, 0, 0, 0
L 106.5000, 860.0000, 6.9456, 92.5000, 855.0000, 8.1001, 0, 0, 0
L 92.5000, 855.0000, 8.1001, 70.5000, 856.0000, 8.3597, 0, 0, 0
L 70.5000, 856.0000, 8.3597, 70.5000, 853.0000, 11.6933, 0, 0, 0
L 70.5000, 853.0000, 11.6933, 92.5000, 850.0000, 11.9922, 0, 0, 0
L 92.5000, 850.0000, 11.9922, 107.5000, 856.0000, 11.7022, 0, 0, 0
L 107.5000, 856.0000, 11.7022, 149.5000, 856.0000, 12.0102, 0, 0, 0
L 149.5000, 856.0000, 12.0102, 149.5000, 860.0000, 8.2376, 0, 0, 0
L 149.5000, 670.0000, 11.9629, 106.5000, 670.0000, 11.6746, 0, 0, 0
L 106.5000, 670.0000, 11.6746, 92.5000, 676.0000, 11.9874, 0, 0, 0
L 92.5000, 676.0000, 11.9874, 70.5000, 673.0000, 10.6929, 0, 0, 0
L 70.5000, 673.0000, 10.6929, 70.5000, 670.0000, 7.3594, 0, 0, 0
L 70.5000, 670.0000, 7.3594, 102.5000, 670.0000, 10.0496, 0, 0, 0
L 102.5000, 670.0000, 10.0496, 106.5000, 669.0000, 10.8370, 0, 0, 0
L 106.5000, 669.0000, 10.8370, 106.5000, 666.0000, 7.0049, 0, 0, 0
L 106.5000, 666.0000, 7.0049, 149.5000, 666.0000, 7.2267, 0, 0, 0
L 149.5000, 666.0000, 7.2267, 149.5000, 670.0000, 11.9629, 0, 0, 0
L 127.5000, 474.0000, 7.0835, 109.5000, 478.0000, 11.2716, 0, 0, 0
L 109.5000, 478.0000, 11.2716, 95.5000, 472.0000, 7.2117, 0, 0, 0
L 95.5000, 472.0000, 7.2117, 127.5000, 474.0000, 7.0835, 0, 0, 0
L 103.5000, -72.0000, 8.0000, 101.5000, -107.0000, 8.0000, 0, 0, 0
L 101.5000, -107.0000, 8.0000, 101.5000, -44.0000, 8.0000, 0, 0, 0
L 101.5000, -44.0000, 8.0000, 103.5000, -72.0000, 8.0000, 0, 0, 0
L 96.5000, 476.0000, 16.0000, 79.5000, 470.0000, 10.6667, 0, 0, 0
L 79.5000, 470.0000, 10.6667, 70.5000, 470.0000, 12.0000, 0, 0, 0
L 70.5000, 470.0000, 12.0000, 70.5000, 467.0000, 7.9938, 0, 0, 0
L 70.5000, 467.0000, 7.9938, 81.5000, 467.0000, 7.7002, 0, 0, 0
L 81.5000, 467.0000, 7.7002, 96.5000, 476.0000, 16.0000, 0, 0, 0
L 94.5000, 514.0000, 15.3507, 70.5000, 515.0000, 8.3334, 0, 0, 0
L 70.5000, 515.0000, 8.3334, 70.5000, 512.0000, 11.6670, 0, 0, 0
L 70.5000, 512.0000, 11.6670, 94.5000, 514.0000, 15.3507, 0, 0, 0
L 74.5000, -220.0000, 8.0000, 61.5000, -233.0000, 8.0000, 0, 0, 0
L 61.5000, -233.0000, 8.0000, 74.5000, -220.0000, 8.0000, 0, 0, 0
L 68.5000, 808.0000, 11.5620, 61.5000, 824.0000, 11.6249, 0, 0, 0
L 61.5000, 824.0000, 11.6249, 63.5000, 845.0000, 10.8379, 0, 0, 0
L 63.5000, 845.0000, 10.8379, 60.5000, 845.0000, 8.1712, 0, 0, 0
L 60.5000, 845.0000, 8.1712, 57.5000, 825.0000, 7.3798, 0, 0, 0
L 57.5000, 825.0000, 7.3798, 61.5000, 823.0000, 11.4374, 0, 0, 0
L 61.5000, 823.0000, 11.4374, 63.5000, 803.0000, 8.0876, 0, 0, 0
L 63.5000, 803.0000, 8.0876, 57.5000, 787.0000, 12.0883, 0, 0, 0
L 57.5000, 787.0000, 12.0883, 68.5000, 808.0000, 11.5620, 0, 0, 0
L 68.5000, 704.0000, 11.9997, 58.5000, 738.0000, 11.9874, 0, 0, 0
L 58.5000, 738.0000, 11.9874, 53.5000, 740.0000, 6.9666, 0, 0, 0
L 53.5000, 740.0000, 6.9666, 58.5000, 719.0000, 6.9994, 0, 0, 0
L 58.5000, 719.0000, 6.9994, 67.5000, 702.0000, 11.3747, 0, 0, 0
L 67.5000, 702.0000, 11.3747, 60.5000, 680.0000, 7.5340, 0, 0, 0
L 60.5000, 680.0000, 7.5340, 64.5000, 681.0000, 12.0246, 0, 0, 0
L 64.5000, 681.0000, 12.0246, 68.5000, 704.0000, 11.9997, 0, 0, 0
L 58.5000, -215.0000, 8.0000, 47.5000, -215.0000, 8.0000, 0, 0, 0
L 47.5000, -215.0000, 8.0000, 47.5000, -224.0000, 8.0000, 0, 0, 0
L 47.5000, -224.0000, 8.0000, 58.5000, -224.0000, 8.0000, 0, 0, 0
L 58.5000, -224.0000, 8.0000, 58.5000, -215.0000, 8.0000, 0, 0, 0
L 24.5000, -87.0000, 4.0729, -96.5000, -87.0000, 4.0727, 0, 0, 0
L -96.5000, -87.0000, 4.0727, -96.5000, -219.0000, 4.0646, 0, 0, 0
L -96.5000, -219.0000, 4.0646, 24.5000, -220.0000, 4.0393, 0, 0, 0
L 24.5000, -220.0000, 4.0393, 24.5000, -87.0000, 4.0729, 0, 0, 0
L 0.5000, -223.0000, 8.0000, -121.5000, -223.0000, 8.0000, 0, 0, 0
L -121.5000, -223.0000, 8.0000, -120.5000, -336.0000, 8.0000, 0, 0, 0
L -120.5000, -336.0000, 8.0000, -0.5000, -336.0000, 8.0000, 0, 0, 0
L -0.5000, -336.0000, 8.0000, 0.5000, -223.0000, 8.0000, 0, 0, 0
L -9.5000, -106.0000, 7.6057, -23.5000, -107.0000, 5.8773, 0, 0, 0
L -23.5000, -107.0000, 5.8773, -23.5000, -88.0000, 4.2463, 0, 0, 0
L -23.5000, -88.0000, 4.2463, -22.5000, -106.0000, 5.9413, 0, 0, 0
L -22.5000, -106.0000, 5.9413, -9.5000, -106.0000, 7.6057, 0, 0, 0
L -22.5000, -247.0000, 8.0000, -23.5000, -279.0000, 8.0000, 0, 0, 0
L -23.5000, -279.0000, 8.0000, -22.5000, -247.0000, 8.0000, 0, 0, 0
L -43.5000, -328.0000, 8.0000, -76.5000, -329.0000, 8.0000, 0, 0, 0
L -76.5000, -329.0000, 8.0000, -43.5000, -328.0000, 8.0000, 0, 0, 0
L -96.5000, -247.0000, 8.0000, -97.5000, -279.0000, 8.0000, 0, 0, 0
L -97.5000, -279.0000, 8.0000, -96.5000, -247.0000, 8.0000, 0, 0, 0
L -99.5000, -151.0000, 13.0000, -126.5000, -151.0000, 17.8000, 0, 0, 0
L -126.5000, -151.0000, 17.8000, -132.5000, -154.0000, 20.8000, 0, 0, 0
L -132.5000, -154.0000, 20.8000, -116.5000, -176.0000, 13.0000, 0, 0, 0
L -116.5000, -176.0000, 13.0000, -99.5000, -176.0000, 13.0000, 0, 0, 0
L -99.5000, -176.0000, 13.0000, -99.5000, -151.0000, 13.0000, 0, 0, 0
L -116.5000, 599.0000, 16.2999, -118.5000, 577.0000, 4.6713, 0, 0, 0
L -118.5000, 577.0000, 4.6713, -116.5000, 599.0000, 16.2999, 0, 0, 0
L -116.5000, 454.0000, 12.9000, -118.5000, 435.0000, 2.5001, 0, 0, 0
L -118.5000, 435.0000, 2.5001, -116.5000, 454.0000, 12.9000, 0, 0, 0
L -119.5000, 599.0000, 16.3438, -121.5000, 577.0000, 4.6687, 0, 0, 0
L -121.5000, 577.0000, 4.6687, -119.5000, 599.0000, 16.3438, 0, 0, 0
L -119.5000, 454.0000, 12.9000, -121.5000, 435.0000, 3.1001, 0, 0, 0
L -121.5000, 435.0000, 3.1001, -119.5000, 454.0000, 12.9000, 0, 0, 0
L -120.5000, 533.0000, 4.0000, -121.5000, 493.0000, 4.0000, 0, 0, 0
L -121.5000, 493.0000, 4.0000, -120.5000, 533.0000, 4.0000, 0, 0, 0
L -135.5000, 607.0000, 3.7000, -153.5000, 605.0000, 12.3031, 0, 0, 0
L -153.5000, 605.0000, 12.3031, -135.5000, 607.0000, 3.7000, 0, 0, 0
L -160.5000, 575.0000, 3.1000, -179.5000, 575.0000, 13.5000, 0, 0, 0
L -179.5000, 575.0000, 13.5000, -179.5000, 570.0000, 13.5000, 0, 0, 0
L -179.5000, 570.0000, 13.5000, -160.5000, 570.0000, 3.1000, 0, 0, 0
L -160.5000, 570.0000, 3.1000, -160.5000, 575.0000, 3.1000, 0, 0, 0
L -161.5000, 421.0000, 3.1000, -180.5000, 419.0000, 13.5000, 0, 0, 0
L -180.5000, 419.0000, 13.5000, -161.5000, 421.0000, 3.1000, 0, 0, 0
L -204.5000, -236.0000, 12.1333, -212.5000, -236.0000, 12.1333, 0, 0, 0
L -212.5000, -236.0000, 12.1333, -212.5000, -284.0000, 12.0135, 0, 0, 0
L -212.5000, -284.0000, 12.0135, -204.5000, -284.0000, 12.0135, 0, 0, 0
L -204.5000, -284.0000, 12.0135, -204.5000, -236.0000, 12.1333, 0, 0, 0
L -214.5000, -253.0000, 14.9999, -215.5000, -236.0000, 12.0000, 0, 0, 0
L -215.5000, -236.0000, 12.0000, -290.5000, -236.0000, 8.2666, 0, 0, 0
L -290.5000, -236.0000, 8.2666, -292.5000, -231.0000, 7.6000, 0, 0, 0
L -292.5000, -231.0000, 7.6000, -292.5000, -291.0000, 7.9062, 0, 0, 0
L -292.5000, -291.0000, 7.9062, -290.5000, -292.0000, 6.9896, 0, 0, 0
L -290.5000, -292.0000, 6.9896, -289.5000, -284.0000, 6.9895, 0, 0, 0
L -289.5000, -284.0000, 6.9895, -215.5000, -284.0000, 12.0135, 0, 0, 0
L -215.5000, -284.0000, 12.0135, -214.5000, -253.0000, 14.9999, 0, 0, 0
L -304.5000, 567.0000, 3.6922, -305.5000, 548.0000, 13.5002, 0, 0, 0
L -305.5000, 548.0000, 13.5002, -304.5000, 567.0000, 3.6922, 0, 0, 0
L -304.5000, 533.0000, 4.0000, -305.5000, 493.0000, 4.0000, 0, 0, 0
L -305.5000, 493.0000, 4.0000, -304.5000, 533.0000, 4.0000, 0, 0, 0
L -307.5000, 567.0000, 3.6922, -309.5000, 548.0000, 13.5002, 0, 0, 0
L -309.5000, 548.0000, 13.5002, -307.5000, 567.0000, 3.6922, 0, 0, 0
L -311.5000, -216.0000, 15.9999, -319.5000, -210.0000, 7.5673, 0, 0, 0
L -319.5000, -210.0000, 7.5673, -326.5000, -210.0000, 11.9134, 0, 0, 0
L -326.5000, -210.0000, 11.9134, -319.5000, -216.0000, 12.0000, 0, 0, 0
L -319.5000, -216.0000, 12.0000, -311.5000, -216.0000, 15.9999, 0, 0, 0
L -311.5000, -306.0000, 15.3506, -321.5000, -308.0000, 12.0383, 0, 0, 0
L -321.5000, -308.0000, 12.0383, -326.5000, -313.0000, 12.0383, 0, 0, 0
L -326.5000, -313.0000, 12.0383, -317.5000, -312.0000, 8.4215, 0, 0, 0
L -317.5000, -312.0000, 8.4215, -311.5000, -306.0000, 15.3506, 0, 0, 0
L -325.5000, -204.0000, 7.2944, -327.5000, -184.0000, 7.0000, 0, 0, 0
L -327.5000, -184.0000, 7.0000, -330.5000, -180.0000, 7.2500, 0, 0, 0
L -330.5000, -180.0000, 7.2500, -329.5000, -208.0000, 11.6565, 0, 0, 0
L -329.5000, -208.0000, 11.6565, -325.5000, -208.0000, 7.6565, 0, 0, 0
L -325.5000, -208.0000, 7.6565, -325.5000, -204.0000, 7.2944, 0, 0, 0
L -325.5000, -315.0000, 6.9396, -329.5000, -315.0000, 11.8880, 0, 0, 0
L -329.5000, -315.0000, 11.8880, -331.5000, -327.0000, 11.8467, 0, 0, 0
L -331.5000, -327.0000, 11.8467, -329.5000, -356.0000, 11.9373, 0, 0, 0
L -329.5000, -356.0000, 11.9373, -335.5000, -372.0000, 11.9489, 0, 0, 0
L -335.5000, -372.0000, 11.9489, -333.5000, -394.0000, 11.6929, 0, 0, 0
L -333.5000, -394.0000, 11.6929, -329.5000, -394.0000, 7.6929, 0, 0, 0
L -329.5000, -394.0000, 7.6929, -331.5000, -374.0000, 8.0658, 0, 0, 0
L -331.5000, -374.0000, 8.0658, -325.5000, -356.0000, 7.1152, 0, 0, 0
L -325.5000, -356.0000, 7.1152, -325.5000, -315.0000, 6.9396, 0, 0, 0
L -340.5000, -403.0000, 7.7032, -362.5000, -396.0000, 12.0000, 0, 0, 0
L -362.5000, -396.0000, 12.0000, -394.5000, -408.0000, 11.6514, 0, 0, 0
L -394.5000, -408.0000, 11.6514, -379.5000, -406.0000, 6.8751, 0, 0, 0
L -379.5000, -406.0000, 6.8751, -361.5000, -397.0000, 11.7500, 0, 0, 0
L -361.5000, -397.0000, 11.7500, -358.5000, -401.0000, 6.9651, 0, 0, 0
L -358.5000, -401.0000, 6.9651, -343.5000, -405.0000, 6.9651, 0, 0, 0
L -343.5000, -405.0000, 6.9651, -340.5000, -403.0000, 7.7032, 0, 0, 0
L -361.5000, -143.0000, 15.9999, -372.5000, -138.0000, 7.1018, 0, 0, 0
L -372.5000, -138.0000, 7.1018, -390.5000, -146.0000, 11.3341, 0, 0, 0
L -390.5000, -146.0000, 11.3341, -399.5000, -140.0000, 7.2781, 0, 0, 0
L -399.5000, -140.0000, 7.2781, -432.5000, -132.0000, 7.6647, 0, 0, 0
L -432.5000, -132.0000, 7.6647, -435.5000, -120.0000, 7.3312, 0, 0, 0
L -435.5000, -120.0000, 7.3312, -435.5000, -133.0000, 10.3235, 0, 0, 0
L -435.5000, -133.0000, 10.3235, -427.5000, -138.0000, 12.0311, 0, 0, 0
L -427.5000, -138.0000, 12.0311, -391.5000, -147.0000, 11.9998, 0, 0, 0
L -391.5000, -147.0000, 11.9998, -361.5000, -143.0000, 15.9999, 0, 0, 0
L -394.5000, -406.0000, 11.4420, -413.5000, -392.0000, 11.7123, 0, 0, 0
L -413.5000, -392.0000, 11.7123, -439.5000, -407.0000, 11.9510, 0, 0, 0
L -439.5000, -407.0000, 11.9510, -464.5000, -396.0000, 11.8002, 0, 0, 0
L -464.5000, -396.0000, 11.8002, -485.5000, -403.0000, 11.9137, 0, 0, 0
L -485.5000, -403.0000, 11.9137, -463.5000, -401.0000, 7.4779, 0, 0, 0
L -463.5000, -401.0000, 7.4779, -438.5000, -408.0000, 11.8235, 0, 0, 0
L -438.5000, -408.0000, 11.8235, -413.5000, -397.0000, 7.2123, 0, 0, 0
L -413.5000, -397.0000, 7.2123, -394.5000, -406.0000, 11.4420, 0, 0, 0
L -428.5000, -5.0000, 8.4125, -433.5000, 1.0000, 15.6124, 0, 0, 0
L -433.5000, 1.0000, 15.6124, -430.5000, -15.0000, 15.8632, 0, 0, 0
L -430.5000, -15.0000, 15.8632, -428.5000, -5.0000, 8.4125, 0, 0, 0
L -429.5000, -31.0000, 15.5949, -434.5000, -39.0000, 12.4314, 0, 0, 0
L -434.5000, -39.0000, 12.4314, -434.5000, -48.0000, 16.0314, 0, 0, 0
L -434.5000, -48.0000, 16.0314, -429.5000, -41.0000, 8.7921, 0, 0, 0
L -429.5000, -41.0000, 8.7921, -429.5000, -31.0000, 15.5949, 0, 0, 0
L -432.5000, -55.0000, 8.3333, -435.5000, -55.0000, 11.6666, 0, 0, 0
L -435.5000, -55.0000, 11.6666, -434.5000, -72.0000, 7.5000, 0, 0, 0
L -434.5000, -72.0000, 7.5000, -432.5000, -55.0000, 8.3333, 0, 0, 0
L -436.5000, -73.0000, 14.2075, -438.5000, -72.0000, 15.4828, 0, 0, 0
L -438.5000, -72.0000, 15.4828, -441.5000, -79.0000, 12.0256, 0, 0, 0
L -441.5000, -79.0000, 12.0256, -441.5000, -88.0000, 15.5971, 0, 0, 0
L -441.5000, -88.0000, 15.5971, -436.5000, -82.0000, 8.4168, 0, 0, 0
L -436.5000, -82.0000, 8.4168, -436.5000, -73.0000, 14.2075, 0, 0, 0
L -437.5000, -110.0000, 8.6000, -441.5000, -104.0000, 15.5999, 0, 0, 0
L -441.5000, -104.0000, 15.5999, -438.5000, -121.0000, 16.0000, 0, 0, 0
L -438.5000, -121.0000, 16.0000, -437.5000, -110.0000, 8.6000, 0, 0, 0
L -444.5000, 18.0000, 10.1333, -469.5000, 18.0000, 10.0001, 0, 0, 0
L -469.5000, 18.0000, 10.0001, -469.5000, 9.0000, 10.0001, 0, 0, 0
L -469.5000, 9.0000, 10.0001, -444.5000, 9.0000, 10.1333, 0, 0, 0
L -444.5000, 9.0000, 10.1333, -444.5000, 18.0000, 10.1333, 0, 0, 0
L -471.5000, -5.0000, 12.3500, -475.5000, 1.0000, 15.1001, 0, 0, 0
L -475.5000, 1.0000, 15.1001, -472.5000, -16.0000, 16.0000, 0, 0, 0
L -472.5000, -16.0000, 16.0000, -471.5000, -5.0000, 12.3500, 0, 0, 0
L -471.5000, -31.0000, 15.2260, -476.5000, -38.0000, 7.4007, 0, 0, 0
L -476.5000, -38.0000, 7.4007, -475.5000, -47.0000, 15.8626, 0, 0, 0
L -475.5000, -47.0000, 15.8626, -471.5000, -31.0000, 15.2260, 0, 0, 0
L -477.5000, -51.0000, 10.0000, -480.5000, -47.0000, 7.1667, 0, 0, 0
L -480.5000, -47.0000, 7.1667, -480.5000, -64.0000, 7.3334, 0, 0, 0
L -480.5000, -64.0000, 7.3334, -477.5000, -64.0000, 12.0000, 0, 0, 0
L -477.5000, -64.0000, 12.0000, -477.5000, -51.0000, 10.0000, 0, 0, 0
L -477.5000, -126.0000, 11.1667, -480.5000, -123.0000, 7.5001, 0, 0, 0
L -480.5000, -123.0000, 7.5001, -479.5000, -113.0000, 12.8000, 0, 0, 0
L -479.5000, -113.0000, 12.8000, -483.5000, -104.0000, 15.4766, 0, 0, 0
L -483.5000, -104.0000, 15.4766, -480.5000, -133.0000, 7.3334, 0, 0, 0
L -480.5000, -133.0000, 7.3334, -477.5000, -133.0000, 10.6667, 0, 0, 0
L -477.5000, -133.0000, 10.6667, -477.5000, -126.0000, 11.1667, 0, 0, 0
L -479.5000, -72.0000, 15.0974, -483.5000, -78.0000, 8.8025, 0, 0, 0
L -483.5000, -78.0000, 8.8025, -483.5000, -89.0000, 16.0001, 0, 0, 0
L -483.5000, -89.0000, 16.0001, -479.5000, -82.0000, 12.8000, 0, 0, 0
L -479.5000, -82.0000, 12.8000, -479.5000, -72.0000, 15.0974, 0, 0, 0
L -481.5000, -136.0000, 11.9138, -493.5000, -141.0000, 7.7070, 0, 0, 0
L -493.5000, -141.0000, 7.7070, -512.5000, -162.0000, 11.8043, 0, 0, 0
L -512.5000, -162.0000, 11.8043, -481.5000, -136.0000, 11.9138, 0, 0, 0
L -485.5000, -404.0000, 10.5727, -505.5000, -401.0000, 11.9904, 0, 0, 0
L -505.5000, -401.0000, 11.9904, -505.5000, -405.0000, 6.9229, 0, 0, 0
L -505.5000, -405.0000, 6.9229, -493.5000, -407.0000, 6.9608, 0, 0, 0
L -493.5000, -407.0000, 6.9608, -485.5000, -407.0000, 7.2401, 0, 0, 0
L -485.5000, -407.0000, 7.2401, -485.5000, -404.0000, 10.5727, 0, 0, 0
L -510.5000, -372.0000, 11.7219, -517.5000, -356.0000, 9.2454, 0, 0, 0
L -517.5000, -356.0000, 9.2454, -514.5000, -327.0000, 12.0855, 0, 0, 0
L -514.5000, -327.0000, 12.0855, -516.5000, -315.0000, 12.0000, 0, 0, 0
L -516.5000, -315.0000, 12.0000, -520.5000, -315.0000, 7.4952, 0, 0, 0
L -520.5000, -315.0000, 7.4952, -520.5000, -357.0000, 7.0513, 0, 0, 0
L -520.5000, -357.0000, 7.0513, -515.5000, -370.0000, 7.1341, 0, 0, 0
L -515.5000, -370.0000, 7.1341, -516.5000, -394.0000, 7.3593, 0, 0, 0
L -516.5000, -394.0000, 7.3593, -512.5000, -394.0000, 11.3596, 0, 0, 0
L -512.5000, -394.0000, 11.3596, -511.5000, -391.0000, 12.0862, 0, 0, 0
L -511.5000, -391.0000, 12.0862, -510.5000, -372.0000, 11.7219, 0, 0, 0
L -513.5000, -163.0000, 11.9300, -525.5000, -162.0000, 7.0482, 0, 0, 0
L -525.5000, -162.0000, 7.0482, -535.5000, -169.0000, 16.0000, 0, 0, 0
L -535.5000, -169.0000, 16.0000, -516.5000, -166.0000, 11.9728, 0, 0, 0
L -516.5000, -166.0000, 11.9728, -513.5000, -163.0000, 11.9300, 0, 0, 0
L -519.5000, -312.0000, 11.9846, -535.5000, -306.0000, 16.0001, 0, 0, 0
L -535.5000, -306.0000, 16.0001, -526.5000, -313.0000, 7.1894, 0, 0, 0
L -526.5000, -313.0000, 7.1894, -519.5000, -312.0000, 11.9846, 0, 0, 0
L -564.5000, -211.0000, 10.9999, -567.5000, -205.0000, 7.0831, 0, 0, 0
L -567.5000, -205.0000, 7.0831, -568.5000, -213.0000, 7.6571, 0, 0, 0
L -568.5000, -213.0000, 7.6571, -642.5000, -213.0000, 12.0673, 0, 0, 0
L -642.5000, -213.0000, 12.0673, -643.5000, -262.0000, 12.0242, 0, 0, 0
L -643.5000, -262.0000, 12.0242, -568.5000, -262.0000, 12.0242, 0, 0, 0
L -568.5000, -262.0000, 12.0242, -566.5000, -270.0000, 6.9998, 0, 0, 0
L -566.5000, -270.0000, 6.9998, -564.5000, -211.0000, 10.9999, 0, 0, 0
L -598.5000, -216.0000, 9.6764, -640.5000, -217.0000, 12.5386, 0, 0, 0
L -640.5000, -217.0000, 12.5386, -598.5000, -216.0000, 9.6764, 0, 0, 0
L -645.5000, -213.0000, 12.0673, -653.5000, -213.0000, 12.0673, 0, 0, 0
L -653.5000, -213.0000, 12.0673, -654.5000, -216.0000, 12.5386, 0, 0, 0
L -654.5000, -216.0000, 12.5386, -653.5000, -262.0000, 12.0242, 0, 0, 0
L -653.5000, -262.0000, 12.0242, -646.5000, -262.0000, 12.0242, 0, 0, 0
L -646.5000, -262.0000, 12.0242, -645.5000, -213.0000, 12.0673, 0, 0, 0
L 326.5000, 817.0000, 22.2152, 297.5000, 855.0000, 23.0051, 0, 0, 0
L 297.5000, 855.0000, 23.0051, 293.5000, 875.0000, 24.0052, 0, 0, 0
L 293.5000, 875.0000, 24.0052, 289.5000, 881.0000, 22.7601, 0, 0, 0
L 289.5000, 881.0000, 22.7601, 275.5000, 894.0000, 23.8793, 0, 0, 0
L 275.5000, 894.0000, 23.8793, 261.5000, 900.0000, 24.1738, 0, 0, 0
L 261.5000, 900.0000, 24.1738, 232.5000, 893.0000, 23.9201, 0, 0, 0
L 232.5000, 893.0000, 23.9201, 216.5000, 893.0000, 23.0801, 0, 0, 0
L 216.5000, 893.0000, 23.0801, 193.5000, 900.0000, 24.0628, 0, 0, 0
L 193.5000, 900.0000, 24.0628, 178.5000, 893.0000, 23.6005, 0, 0, 0
L 178.5000, 893.0000, 23.6005, 165.5000, 881.0000, 22.7589, 0, 0, 0
L 165.5000, 881.0000, 22.7589, 160.5000, 866.0000, 23.8893, 0, 0, 0
L 160.5000, 866.0000, 23.8893, 149.5000, 854.0000, 22.8681, 0, 0, 0
L 149.5000, 854.0000, 22.8681, 134.5000, 851.0000, 24.4075, 0, 0, 0
L 134.5000, 851.0000, 24.4075, 107.5000, 854.0000, 22.1201, 0, 0, 0
L 107.5000, 854.0000, 22.1201, 91.5000, 847.0000, 23.9205, 0, 0, 0
L 91.5000, 847.0000, 23.9205, 70.5000, 850.0000, 22.9832, 0, 0, 0
L 70.5000, 850.0000, 22.9832, 66.5000, 846.0000, 22.0003, 0, 0, 0
L 66.5000, 846.0000, 22.0003, 63.5000, 824.0000, 22.1079, 0, 0, 0
L 63.5000, 824.0000, 22.1079, 71.5000, 804.0000, 23.9001, 0, 0, 0
L 71.5000, 804.0000, 23.9001, 59.5000, 787.0000, 22.3407, 0, 0, 0
L 59.5000, 787.0000, 22.3407, 72.5000, 764.0000, 21.9887, 0, 0, 0
L 72.5000, 764.0000, 21.9887, 59.5000, 741.0000, 22.0100, 0, 0, 0
L 59.5000, 741.0000, 22.0100, 71.5000, 701.0000, 22.1711, 0, 0, 0
L 71.5000, 701.0000, 22.1711, 66.5000, 680.0000, 22.2399, 0, 0, 0
L 66.5000, 680.0000, 22.2399, 70.5000, 676.0000, 22.2397, 0, 0, 0
L 70.5000, 676.0000, 22.2397, 92.5000, 679.0000, 23.8974, 0, 0, 0
L 92.5000, 679.0000, 23.8974, 107.5000, 672.0000, 22.2005, 0, 0, 0
L 107.5000, 672.0000, 22.2005, 128.5000, 675.0000, 23.7079, 0, 0, 0
L 128.5000, 675.0000, 23.7079, 149.5000, 672.0000, 22.1675, 0, 0, 0
L 149.5000, 672.0000, 22.1675, 160.5000, 660.0000, 23.6767, 0, 0, 0
L 160.5000, 660.0000, 23.6767, 162.5000, 649.0000, 23.6000, 0, 0, 0
L 162.5000, 649.0000, 23.6000, 172.5000, 638.0000, 22.2412, 0, 0, 0
L 172.5000, 638.0000, 22.2412, 173.5000, 644.0000, 27.0666, 0, 0, 0
L 173.5000, 644.0000, 27.0666, 168.5000, 649.0000, 27.1012, 0, 0, 0
L 168.5000, 649.0000, 27.1012, 164.5000, 662.0000, 27.9767, 0, 0, 0
L 164.5000, 662.0000, 27.9767, 148.5000, 678.0000, 28.0327, 0, 0, 0
L 148.5000, 678.0000, 28.0327, 107.5000, 678.0000, 27.8968, 0, 0, 0
L 107.5000, 678.0000, 27.8968, 92.5000, 684.0000, 27.9488, 0, 0, 0
L 92.5000, 684.0000, 27.9488, 72.5000, 682.0000, 28.0171, 0, 0, 0
L 72.5000, 682.0000, 28.0171, 76.5000, 704.0000, 28.0043, 0, 0, 0
L 76.5000, 704.0000, 28.0043, 65.5000, 738.0000, 27.0837, 0, 0, 0
L 65.5000, 738.0000, 27.0837, 77.5000, 762.0000, 27.2424, 0, 0, 0
L 77.5000, 762.0000, 27.2424, 65.5000, 785.0000, 27.8808, 0, 0, 0
L 65.5000, 785.0000, 27.8808, 76.5000, 804.0000, 27.8900, 0, 0, 0
L 76.5000, 804.0000, 27.8900, 69.5000, 825.0000, 27.5520, 0, 0, 0
L 69.5000, 825.0000, 27.5520, 71.5000, 844.0000, 27.2900, 0, 0, 0
L 71.5000, 844.0000, 27.2900, 92.5000, 842.0000, 27.9472, 0, 0, 0
L 92.5000, 842.0000, 27.9472, 107.5000, 848.0000, 28.0311, 0, 0, 0
L 107.5000, 848.0000, 28.0311, 149.5000, 848.0000, 28.0010, 0, 0, 0
L 149.5000, 848.0000, 28.0010, 164.5000, 864.0000, 27.9078, 0, 0, 0
L 164.5000, 864.0000, 27.9078, 172.5000, 882.0000, 27.2798, 0, 0, 0
L 172.5000, 882.0000, 27.2798, 193.5000, 894.0000, 27.9532, 0, 0, 0
L 193.5000, 894.0000, 27.9532, 222.5000, 886.0000, 28.0804, 0, 0, 0
L 222.5000, 886.0000, 28.0804, 261.5000, 894.0000, 28.0314, 0, 0, 0
L 261.5000, 894.0000, 28.0314, 282.5000, 882.0000, 27.8789, 0, 0, 0
L 282.5000, 882.0000, 27.8789, 287.5000, 875.0000, 27.8773, 0, 0, 0
L 287.5000, 875.0000, 27.8773, 291.5000, 855.0000, 28.0349, 0, 0, 0
L 291.5000, 855.0000, 28.0349, 309.5000, 836.0000, 27.8254, 0, 0, 0
L 309.5000, 836.0000, 27.8254, 320.5000, 817.0000, 27.5141, 0, 0, 0
L 320.5000, 817.0000, 27.5141, 309.5000, 794.0000, 27.7016, 0, 0, 0
L 309.5000, 794.0000, 27.7016, 320.5000, 771.0000, 28.0827, 0, 0, 0
L 320.5000, 771.0000, 28.0827, 309.5000, 731.0000, 27.9920, 0, 0, 0
L 309.5000, 731.0000, 27.9920, 314.5000, 713.0000, 27.9842, 0, 0, 0
L 314.5000, 713.0000, 27.9842, 310.5000, 698.0000, 27.5197, 0, 0, 0
L 310.5000, 698.0000, 27.5197, 300.5000, 689.0000, 27.5989, 0, 0, 0
L 300.5000, 689.0000, 27.5989, 285.5000, 682.0000, 27.4722, 0, 0, 0
L 285.5000, 682.0000, 27.4722, 257.5000, 678.0000, 28.1108, 0, 0, 0
L 257.5000, 678.0000, 28.1108, 242.5000, 662.0000, 27.8767, 0, 0, 0
L 242.5000, 662.0000, 27.8767, 235.5000, 645.0000, 27.5361, 0, 0, 0
L 235.5000, 645.0000, 27.5361, 215.5000, 627.0000, 28.1548, 0, 0, 0
L 215.5000, 627.0000, 28.1548, 188.5000, 627.0000, 27.7525, 0, 0, 0
L 188.5000, 627.0000, 27.7525, 177.5000, 638.0000, 27.9402, 0, 0, 0
L 177.5000, 638.0000, 27.9402, 177.5000, 632.0000, 22.1802, 0, 0, 0
L 177.5000, 632.0000, 22.1802, 183.5000, 627.0000, 22.2402, 0, 0, 0
L 183.5000, 627.0000, 22.2402, 183.5000, 612.0000, 22.0601, 0, 0, 0
L 183.5000, 612.0000, 22.0601, 191.5000, 585.0000, 22.5099, 0, 0, 0
L 191.5000, 585.0000, 22.5099, 189.5000, 547.0000, 24.0801, 0, 0, 0
L 189.5000, 547.0000, 24.0801, 183.5000, 517.0000, 22.0001, 0, 0, 0
L 183.5000, 517.0000, 22.0001, 176.5000, 510.0000, 22.0004, 0, 0, 0
L 176.5000, 510.0000, 22.0004, 144.5000, 510.0000, 23.9401, 0, 0, 0
L 144.5000, 510.0000, 23.9401, 131.5000, 515.0000, 23.9400, 0, 0, 0
L 131.5000, 515.0000, 23.9400, 109.5000, 517.0000, 22.2400, 0, 0, 0
L 109.5000, 517.0000, 22.2400, 97.5000, 511.0000, 24.4020, 0, 0, 0
L 97.5000, 511.0000, 24.4020, 70.5000, 509.0000, 22.4800, 0, 0, 0
L 70.5000, 509.0000, 22.4800, 70.5000, 473.0000, 22.5988, 0, 0, 0
L 70.5000, 473.0000, 22.5988, 82.5000, 473.0000, 22.2001, 0, 0, 0
L 82.5000, 473.0000, 22.2001, 92.5000, 478.0000, 23.6501, 0, 0, 0
L 92.5000, 478.0000, 23.6501, 111.5000, 481.0000, 22.1156, 0, 0, 0
L 111.5000, 481.0000, 22.1156, 180.5000, 473.0000, 22.3290, 0, 0, 0
L 180.5000, 473.0000, 22.3290, 206.5000, 479.0000, 22.0500, 0, 0, 0
L 206.5000, 479.0000, 22.0500, 213.5000, 486.0000, 21.9055, 0, 0, 0
L 213.5000, 486.0000, 21.9055, 221.5000, 521.0000, 22.6000, 0, 0, 0
L 221.5000, 521.0000, 22.6000, 221.5000, 550.0000, 23.9397, 0, 0, 0
L 221.5000, 550.0000, 23.9397, 228.5000, 577.0000, 22.4006, 0, 0, 0
L 228.5000, 577.0000, 22.4006, 221.5000, 597.0000, 23.9200, 0, 0, 0
L 221.5000, 597.0000, 23.9200, 220.5000, 627.0000, 22.4800, 0, 0, 0
L 220.5000, 627.0000, 22.4800, 241.5000, 645.0000, 22.6869, 0, 0, 0
L 241.5000, 645.0000, 22.6869, 246.5000, 660.0000, 24.3000, 0, 0, 0
L 246.5000, 660.0000, 24.3000, 257.5000, 672.0000, 21.9999, 0, 0, 0
L 257.5000, 672.0000, 21.9999, 285.5000, 676.0000, 23.9520, 0, 0, 0
L 285.5000, 676.0000, 23.9520, 291.5000, 682.0000, 23.9996, 0, 0, 0
L 291.5000, 682.0000, 23.9996, 298.5000, 682.0000, 23.9597, 0, 0, 0
L 298.5000, 682.0000, 23.9597, 318.5000, 701.0000, 24.1599, 0, 0, 0
L 318.5000, 701.0000, 24.1599, 319.5000, 713.0000, 23.8308, 0, 0, 0
L 319.5000, 713.0000, 23.8308, 315.5000, 731.0000, 22.7157, 0, 0, 0
L 315.5000, 731.0000, 22.7157, 326.5000, 771.0000, 22.0113, 0, 0, 0
L 326.5000, 771.0000, 22.0113, 314.5000, 793.0000, 21.8945, 0, 0, 0
L 314.5000, 793.0000, 21.8945, 326.5000, 817.0000, 22.2152, 0, 0, 0
L 251.5000, 184.0000, 23.8000, 192.5000, 187.0000, 20.3000, 0, 0, 0
L 192.5000, 187.0000, 20.3000, 190.5000, 197.0000, 23.4000, 0, 0, 0
L 190.5000, 197.0000, 23.4000, 193.5000, 237.0000, 19.1000, 0, 0, 0
L 193.5000, 237.0000, 19.1000, 172.5000, 237.0000, 18.8001, 0, 0, 0
L 172.5000, 237.0000, 18.8001, 175.5000, 189.0000, 21.2000, 0, 0, 0
L 175.5000, 189.0000, 21.2000, 170.5000, 187.0000, 19.7000, 0, 0, 0
L 170.5000, 187.0000, 19.7000, 170.5000, 184.0000, 23.8000, 0, 0, 0
L 170.5000, 184.0000, 23.8000, 114.5000, 187.0000, 19.7000, 0, 0, 0
L 114.5000, 187.0000, 19.7000, 114.5000, 167.0000, 18.8001, 0, 0, 0
L 114.5000, 167.0000, 18.8001, 251.5000, 169.0000, 23.0000, 0, 0, 0
L 251.5000, 169.0000, 23.0000, 251.5000, 184.0000, 23.8000, 0, 0, 0
L 229.5000, 346.0000, 28.0000, 106.5000, 344.0000, 28.0000, 0, 0, 0
L 106.5000, 344.0000, 28.0000, 106.5000, 319.0000, 28.0000, 0, 0, 0
L 106.5000, 319.0000, 28.0000, 138.5000, 319.0000, 28.0000, 0, 0, 0
L 138.5000, 319.0000, 28.0000, 138.5000, 288.0000, 28.0000, 0, 0, 0
L 138.5000, 288.0000, 28.0000, 106.5000, 288.0000, 28.0000, 0, 0, 0
L 106.5000, 288.0000, 28.0000, 106.5000, 264.0000, 28.0000, 0, 0, 0
L 106.5000, 264.0000, 28.0000, 229.5000, 262.0000, 28.0000, 0, 0, 0
L 229.5000, 262.0000, 28.0000, 229.5000, 346.0000, 28.0000, 0, 0, 0
L 174.5000, -511.0000, 21.5000, 113.5000, -511.0000, 21.5000, 0, 0, 0
L 113.5000, -511.0000, 21.5000, 113.5000, -524.0000, 21.5000, 0, 0, 0
L 113.5000, -524.0000, 21.5000, 174.5000, -524.0000, 21.5000, 0, 0, 0
L 174.5000, -524.0000, 21.5000, 174.5000, -511.0000, 21.5000, 0, 0, 0
L 174.5000, -565.0000, 21.5000, 113.5000, -565.0000, 21.5000, 0, 0, 0
L 113.5000, -565.0000, 21.5000, 113.5000, -578.0000, 21.5000, 0, 0, 0
L 113.5000, -578.0000, 21.5000, 174.5000, -578.0000, 21.5000, 0, 0, 0
L 174.5000, -578.0000, 21.5000, 174.5000, -565.0000, 21.5000, 0, 0, 0
L 174.5000, -619.0000, 21.5000, 113.5000, -619.0000, 21.5000, 0, 0, 0
L 113.5000, -619.0000, 21.5000, 113.5000, -632.0000, 21.5000, 0, 0, 0
L 113.5000, -632.0000, 21.5000, 174.5000, -632.0000, 21.5000, 0, 0, 0
L 174.5000, -632.0000, 21.5000, 174.5000, -619.0000, 21.5000, 0, 0, 0
L 135.5000, 316.0000, 28.0000, 106.5000, 316.0000, 28.0000, 0, 0, 0
L 106.5000, 316.0000, 28.0000, 106.5000, 291.0000, 28.0000, 0, 0, 0
L 106.5000, 291.0000, 28.0000, 135.5000, 291.0000, 28.0000, 0, 0, 0
L 135.5000, 291.0000, 28.0000, 135.5000, 316.0000, 28.0000, 0, 0, 0
L 111.5000, 195.0000, 21.7125, 110.5000, 213.0000, 20.3799, 0, 0, 0
L 110.5000, 213.0000, 20.3799, -21.5000, 213.0000, 20.2473, 0, 0, 0
L -21.5000, 213.0000, 20.2473, -21.5000, 113.0000, 21.7597, 0, 0, 0
L -21.5000, 113.0000, 21.7597, -1.5000, 113.0000, 20.0068, 0, 0, 0
L -1.5000, 113.0000, 20.0068, -1.5000, 92.0000, 21.7761, 0, 0, 0
L -1.5000, 92.0000, 21.7761, 111.5000, 92.0000, 20.0957, 0, 0, 0
L 111.5000, 92.0000, 20.0957, 111.5000, 195.0000, 21.7125, 0, 0, 0
L 110.5000, 141.0000, 20.1088, 92.5000, 139.0000, 21.9545, 0, 0, 0
L 92.5000, 139.0000, 21.9545, 91.5000, 126.0000, 23.9939, 0, 0, 0
L 91.5000, 126.0000, 23.9939, 91.5000, 141.0000, 21.9649, 0, 0, 0
L 91.5000, 141.0000, 21.9649, 110.5000, 141.0000, 20.1088, 0, 0, 0
L 103.5000, 287.0000, 23.7000, -33.5000, 287.0000, 23.7000, 0, 0, 0
L -33.5000, 287.0000, 23.7000, -33.5000, 267.0000, 22.8001, 0, 0, 0
L -33.5000, 267.0000, 22.8001, 24.5000, 267.0000, 22.8001, 0, 0, 0
L 24.5000, 267.0000, 22.8001, 24.5000, 216.0000, 22.8000, 0, 0, 0
L 24.5000, 216.0000, 22.8000, 45.5000, 216.0000, 23.1000, 0, 0, 0
L 45.5000, 216.0000, 23.1000, 45.5000, 267.0000, 22.5000, 0, 0, 0
L 45.5000, 267.0000, 22.5000, 103.5000, 267.0000, 22.8001, 0, 0, 0
L 103.5000, 267.0000, 22.8001, 103.5000, 287.0000, 23.7000, 0, 0, 0
L 69.5000, 503.0000, 29.0000, 34.5000, 503.0000, 38.0000, 0, 0, 0
L 34.5000, 503.0000, 38.0000, 34.5000, 478.0000, 38.0000, 0, 0, 0
L 34.5000, 478.0000, 38.0000, 68.5000, 478.0000, 29.0000, 0, 0, 0
L 68.5000, 478.0000, 29.0000, 69.5000, 503.0000, 29.0000, 0, 0, 0
L 15.5000, 367.0000, 23.7000, -113.5000, 367.0000, 23.1000, 0, 0, 0
L -113.5000, 367.0000, 23.1000, -113.5000, 347.0000, 22.8001, 0, 0, 0
L -113.5000, 347.0000, 22.8001, 15.5000, 347.0000, 22.8001, 0, 0, 0
L 15.5000, 347.0000, 22.8001, 15.5000, 367.0000, 23.7000, 0, 0, 0
L 0.5000, 80.0000, 28.0000, -122.5000, 80.0000, 28.0000, 0, 0, 0
L -122.5000, 80.0000, 28.0000, -122.5000, 57.0000, 28.0000, 0, 0, 0
L -122.5000, 57.0000, 28.0000, -2.5000, 57.0000, 28.0000, 0, 0, 0
L -2.5000, 57.0000, 28.0000, -122.5000, 56.0000, 28.0000, 0, 0, 0
L -122.5000, 56.0000, 28.0000, -122.5000, -81.0000, 28.0000, 0, 0, 0
L -122.5000, -81.0000, 28.0000, 0.5000, -81.0000, 28.0000, 0, 0, 0
L 0.5000, -81.0000, 28.0000, -2.5000, -37.0000, 28.0000, 0, 0, 0
L -2.5000, -37.0000, 28.0000, 0.5000, 80.0000, 28.0000, 0, 0, 0
L -2.5000, -57.0000, 28.0000, -66.5000, -58.0000, 28.0000, 0, 0, 0
L -66.5000, -58.0000, 28.0000, -2.5000, -57.0000, 28.0000, 0, 0, 0
L -36.5000, 409.0000, 38.6000, -61.5000, 400.0000, 34.0001, 0, 0, 0
L -61.5000, 400.0000, 34.0001, -61.5000, 373.0000, 29.0000, 0, 0, 0
L -61.5000, 373.0000, 29.0000, -36.5000, 373.0000, 29.0000, 0, 0, 0
L -36.5000, 373.0000, 29.0000, -36.5000, 409.0000, 38.6000, 0, 0, 0
L -38.5000, 341.0000, 23.1000, -59.5000, 341.0000, 22.8000, 0, 0, 0
L -59.5000, 341.0000, 22.8000, -59.5000, 212.0000, 22.8000, 0, 0, 0
L -59.5000, 212.0000, 22.8000, -38.5000, 212.0000, 23.1000, 0, 0, 0
L -38.5000, 212.0000, 23.1000, -38.5000, 341.0000, 23.1000, 0, 0, 0
L -64.5000, 287.0000, 23.7000, -215.5000, 287.0000, 22.5000, 0, 0, 0
L -215.5000, 287.0000, 22.5000, -215.5000, 136.0000, 22.8001, 0, 0, 0
L -215.5000, 136.0000, 22.8001, -194.5000, 137.0000, 23.1000, 0, 0, 0
L -194.5000, 137.0000, 23.1000, -194.5000, 267.0000, 23.1000, 0, 0, 0
L -194.5000, 267.0000, 23.1000, -64.5000, 267.0000, 22.8001, 0, 0, 0
L -64.5000, 267.0000, 22.8001, -64.5000, 287.0000, 23.7000, 0, 0, 0
L -116.5000, 607.0000, 28.0000, -145.5000, 605.0000, 28.0000, 0, 0, 0
L -145.5000, 605.0000, 28.0000, -147.5000, 597.0000, 21.6001, 0, 0, 0
L -147.5000, 597.0000, 21.6001, -151.5000, 598.0000, 27.5000, 0, 0, 0
L -151.5000, 598.0000, 27.5000, -151.5000, 605.0000, 27.5000, 0, 0, 0
L -151.5000, 605.0000, 27.5000, -155.5000, 607.0000, 28.0000, 0, 0, 0
L -155.5000, 607.0000, 28.0000, -185.5000, 605.0000, 27.5000, 0, 0, 0
L -185.5000, 605.0000, 27.5000, -187.5000, 597.0000, 21.6001, 0, 0, 0
L -187.5000, 597.0000, 21.6001, -191.5000, 598.0000, 27.5000, 0, 0, 0
L -191.5000, 598.0000, 27.5000, -191.5000, 605.0000, 27.5000, 0, 0, 0
L -191.5000, 605.0000, 27.5000, -234.5000, 605.0000, 30.0000, 0, 0, 0
L -234.5000, 605.0000, 30.0000, -234.5000, 598.0000, 28.0000, 0, 0, 0
L -234.5000, 598.0000, 28.0000, -238.5000, 597.0000, 21.6001, 0, 0, 0
L -238.5000, 597.0000, 21.6001, -240.5000, 605.0000, 27.5000, 0, 0, 0
L -240.5000, 605.0000, 27.5000, -274.5000, 605.0000, 27.5000, 0, 0, 0
L -274.5000, 605.0000, 27.5000, -274.5000, 599.0000, 27.5000, 0, 0, 0
L -274.5000, 599.0000, 27.5000, -279.5000, 596.0000, 22.6000, 0, 0, 0
L -279.5000, 596.0000, 22.6000, -281.5000, 605.0000, 28.0000, 0, 0, 0
L -281.5000, 605.0000, 28.0000, -309.5000, 607.0000, 28.0000, 0, 0, 0
L -309.5000, 607.0000, 28.0000, -309.5000, 604.0000, 28.0000, 0, 0, 0
L -309.5000, 604.0000, 28.0000, -305.5000, 604.0000, 28.0000, 0, 0, 0
L -305.5000, 604.0000, 28.0000, -305.5000, 581.0000, 28.0000, 0, 0, 0
L -305.5000, 581.0000, 28.0000, -298.5000, 581.0000, 28.0000, 0, 0, 0
L -298.5000, 581.0000, 28.0000, -296.5000, 577.0000, 21.2000, 0, 0, 0
L -296.5000, 577.0000, 21.2000, -305.5000, 575.0000, 27.5000, 0, 0, 0
L -305.5000, 575.0000, 27.5000, -305.5000, 541.0000, 27.5000, 0, 0, 0
L -305.5000, 541.0000, 27.5000, -298.5000, 541.0000, 27.5000, 0, 0, 0
L -298.5000, 541.0000, 27.5000, -296.5000, 536.0000, 21.2000, 0, 0, 0
L -296.5000, 536.0000, 21.2000, -305.5000, 534.0000, 27.5000, 0, 0, 0
L -305.5000, 534.0000, 27.5000, -305.5000, 492.0000, 27.5000, 0, 0, 0
L -305.5000, 492.0000, 27.5000, -298.5000, 492.0000, 27.5000, 0, 0, 0
L -298.5000, 492.0000, 27.5000, -296.5000, 487.0000, 21.2000, 0, 0, 0
L -296.5000, 487.0000, 21.2000, -306.5000, 485.0000, 28.0000, 0, 0, 0
L -306.5000, 485.0000, 28.0000, -305.5000, 451.0000, 27.5000, 0, 0, 0
L -305.5000, 451.0000, 27.5000, -297.5000, 450.0000, 28.0000, 0, 0, 0
L -297.5000, 450.0000, 28.0000, -298.5000, 445.0000, 28.0000, 0, 0, 0
L -298.5000, 445.0000, 28.0000, -305.5000, 445.0000, 28.0000, 0, 0, 0
L -305.5000, 445.0000, 28.0000, -305.5000, 421.0000, 28.0000, 0, 0, 0
L -305.5000, 421.0000, 28.0000, -281.5000, 421.0000, 28.0000, 0, 0, 0
L -281.5000, 421.0000, 28.0000, -280.5000, 428.0000, 28.0000, 0, 0, 0
L -280.5000, 428.0000, 28.0000, -275.5000, 428.0000, 20.8000, 0, 0, 0
L -275.5000, 428.0000, 20.8000, -275.5000, 421.0000, 27.5000, 0, 0, 0
L -275.5000, 421.0000, 27.5000, -258.5000, 419.0000, 27.8666, 0, 0, 0
L -258.5000, 419.0000, 27.8666, -240.5000, 421.0000, 27.5000, 0, 0, 0
L -240.5000, 421.0000, 27.5000, -240.5000, 428.0000, 27.5000, 0, 0, 0
L -240.5000, 428.0000, 27.5000, -234.5000, 428.0000, 28.0000, 0, 0, 0
L -234.5000, 428.0000, 28.0000, -234.5000, 421.0000, 27.5000, 0, 0, 0
L -234.5000, 421.0000, 27.5000, -191.5000, 421.0000, 27.5000, 0, 0, 0
L -191.5000, 421.0000, 27.5000, -191.5000, 428.0000, 27.5000, 0, 0, 0
L -191.5000, 428.0000, 27.5000, -185.5000, 428.0000, 20.8000, 0, 0, 0
L -185.5000, 428.0000, 20.8000, -185.5000, 421.0000, 27.5000, 0, 0, 0
L -185.5000, 421.0000, 27.5000, -151.5000, 421.0000, 27.5000, 0, 0, 0
L -151.5000, 421.0000, 27.5000, -151.5000, 428.0000, 27.5000, 0, 0, 0
L -151.5000, 428.0000, 27.5000, -145.5000, 428.0000, 20.8000, 0, 0, 0
L -145.5000, 428.0000, 20.8000, -145.5000, 420.0000, 28.0000, 0, 0, 0
L -145.5000, 420.0000, 28.0000, -120.5000, 421.0000, 28.0000, 0, 0, 0
L -120.5000, 421.0000, 28.0000, -120.5000, 445.0000, 28.0000, 0, 0, 0
L -120.5000, 445.0000, 28.0000, -127.5000, 445.0000, 20.5000, 0, 0, 0
L -127.5000, 445.0000, 20.5000, -127.5000, 451.0000, 20.9000, 0, 0, 0
L -127.5000, 451.0000, 20.9000, -120.5000, 451.0000, 27.5000, 0, 0, 0
L -120.5000, 451.0000, 27.5000, -119.5000, 455.0000, 28.0000, 0, 0, 0
L -119.5000, 455.0000, 28.0000, -120.5000, 485.0000, 27.5000, 0, 0, 0
L -120.5000, 485.0000, 27.5000, -127.5000, 485.0000, 28.0000, 0, 0, 0
L -127.5000, 485.0000, 28.0000, -127.5000, 492.0000, 28.0000, 0, 0, 0
L -127.5000, 492.0000, 28.0000, -120.5000, 492.0000, 27.5000, 0, 0, 0
L -120.5000, 492.0000, 27.5000, -120.5000, 534.0000, 27.5000, 0, 0, 0
L -120.5000, 534.0000, 27.5000, -127.5000, 534.0000, 28.0000, 0, 0, 0
L -127.5000, 534.0000, 28.0000, -127.5000, 541.0000, 28.0000, 0, 0, 0
L -127.5000, 541.0000, 28.0000, -120.5000, 541.0000, 27.5000, 0, 0, 0
L -120.5000, 541.0000, 27.5000, -120.5000, 575.0000, 27.5000, 0, 0, 0
L -120.5000, 575.0000, 27.5000, -127.5000, 575.0000, 28.0000, 0, 0, 0
L -127.5000, 575.0000, 28.0000, -127.5000, 581.0000, 20.9000, 0, 0, 0
L -127.5000, 581.0000, 20.9000, -120.5000, 581.0000, 28.0000, 0, 0, 0
L -120.5000, 581.0000, 28.0000, -120.5000, 604.0000, 28.0000, 0, 0, 0
L -120.5000, 604.0000, 28.0000, -116.5000, 604.0000, 28.0000, 0, 0, 0
L -116.5000, 604.0000, 28.0000, -116.5000, 607.0000, 28.0000, 0, 0, 0
L -116.5000, 417.0000, 28.0000, -229.5000, 417.0000, 28.0000, 0, 0, 0
L -229.5000, 417.0000, 28.0000, -229.5000, 381.0000, 28.0000, 0, 0, 0
L -229.5000, 381.0000, 28.0000, -230.5000, 417.0000, 28.0000, 0, 0, 0
L -230.5000, 417.0000, 28.0000, -245.5000, 417.0000, 28.0000, 0, 0, 0
L -245.5000, 417.0000, 28.0000, -245.5000, 373.0000, 28.0000, 0, 0, 0
L -245.5000, 373.0000, 28.0000, -221.5000, 373.0000, 28.0000, 0, 0, 0
L -221.5000, 373.0000, 28.0000, -221.5000, 369.0000, 28.0000, 0, 0, 0
L -221.5000, 369.0000, 28.0000, -245.5000, 369.0000, 28.0000, 0, 0, 0
L -245.5000, 369.0000, 28.0000, -245.5000, 345.0000, 28.0000, 0, 0, 0
L -245.5000, 345.0000, 28.0000, -221.5000, 344.0000, 28.0000, 0, 0, 0
L -221.5000, 344.0000, 28.0000, -221.5000, 341.0000, 28.0000, 0, 0, 0
L -221.5000, 341.0000, 28.0000, -245.5000, 341.0000, 28.0000, 0, 0, 0
L -245.5000, 341.0000, 28.0000, -245.5000, 296.0000, 28.0000, 0, 0, 0
L -245.5000, 296.0000, 28.0000, -230.5000, 296.0000, 28.0000, 0, 0, 0
L -230.5000, 296.0000, 28.0000, -230.5000, 332.0000, 28.0000, 0, 0, 0
L -230.5000, 332.0000, 28.0000, -229.5000, 296.0000, 28.0000, 0, 0, 0
L -229.5000, 296.0000, 28.0000, -116.5000, 297.0000, 28.0000, 0, 0, 0
L -116.5000, 297.0000, 28.0000, -116.5000, 417.0000, 28.0000, 0, 0, 0
L -125.5000, 9.0000, 28.0000, -154.5000, 9.0000, 28.0000, 0, 0, 0
L -154.5000, 9.0000, 28.0000, -154.5000, -4.0000, 28.0000, 0, 0, 0
L -154.5000, -4.0000, 28.0000, -138.5000, -20.0000, 28.0000, 0, 0, 0
L -138.5000, -20.0000, 28.0000, -125.5000, -20.0000, 28.0000, 0, 0, 0
L -125.5000, -20.0000, 28.0000, -125.5000, 9.0000, 28.0000, 0, 0, 0
L -125.5000, -23.0000, 28.0000, -157.5000, -23.0000, 28.0000, 0, 0, 0
L -157.5000, -23.0000, 28.0000, -157.5000, 9.0000, 28.0000, 0, 0, 0
L -157.5000, 9.0000, 28.0000, -198.5000, 9.0000, 28.0000, 0, 0, 0
L -198.5000, 9.0000, 28.0000, -198.5000, -7.0000, 28.0000, 0, 0, 0
L -198.5000, -7.0000, 28.0000, -214.5000, -23.0000, 28.0000, 0, 0, 0
L -214.5000, -23.0000, 28.0000, -230.5000, -23.0000, 28.0000, 0, 0, 0
L -230.5000, -23.0000, 28.0000, -230.5000, -64.0000, 28.0000, 0, 0, 0
L -230.5000, -64.0000, 28.0000, -198.5000, -64.0000, 28.0000, 0, 0, 0
L -198.5000, -64.0000, 28.0000, -198.5000, -96.0000, 28.0000, 0, 0, 0
L -198.5000, -96.0000, 28.0000, -157.5000, -96.0000, 28.0000, 0, 0, 0
L -157.5000, -96.0000, 28.0000, -157.5000, -64.0000, 28.0000, 0, 0, 0
L -157.5000, -64.0000, 28.0000, -125.5000, -64.0000, 28.0000, 0, 0, 0
L -125.5000, -64.0000, 28.0000, -125.5000, -23.0000, 28.0000, 0, 0, 0
L -125.5000, -67.0000, 28.0000, -154.5000, -96.0000, 28.0000, 0, 0, 0
L -154.5000, -96.0000, 28.0000, -125.5000, -96.0000, 28.0000, 0, 0, 0
L -125.5000, -96.0000, 28.0000, -125.5000, -67.0000, 28.0000, 0, 0, 0
L -129.5000, -67.0000, 28.0000, -154.5000, -67.0000, 28.0000, 0, 0, 0
L -154.5000, -67.0000, 28.0000, -154.5000, -92.0000, 28.0000, 0, 0, 0
L -154.5000, -92.0000, 28.0000, -129.5000, -67.0000, 28.0000, 0, 0, 0
L -131.5000, -151.0000, 21.2000, -162.5000, -151.0000, 28.0000, 0, 0, 0
L -162.5000, -151.0000, 28.0000, -162.5000, -176.0000, 28.0000, 0, 0, 0
L -162.5000, -176.0000, 28.0000, -131.5000, -176.0000, 21.2000, 0, 0, 0
L -131.5000, -176.0000, 21.2000, -131.5000, -151.0000, 21.2000, 0, 0, 0
L -136.5000, 13.0000, 28.0000, -137.5000, 133.0000, 28.0000, 0, 0, 0
L -137.5000, 133.0000, 28.0000, -162.5000, 133.0000, 28.0000, 0, 0, 0
L -162.5000, 133.0000, 28.0000, -162.5000, 101.0000, 28.0000, 0, 0, 0
L -162.5000, 101.0000, 28.0000, -193.5000, 101.0000, 28.0000, 0, 0, 0
L -193.5000, 101.0000, 28.0000, -193.5000, 133.0000, 28.0000, 0, 0, 0
L -193.5000, 133.0000, 28.0000, -218.5000, 133.0000, 28.0000, 0, 0, 0
L -218.5000, 133.0000, 28.0000, -219.5000, 10.0000, 28.0000, 0, 0, 0
L -219.5000, 10.0000, 28.0000, -198.5000, 13.0000, 28.0000, 0, 0, 0
L -198.5000, 13.0000, 28.0000, -136.5000, 10.0000, 28.0000, 0, 0, 0
L -136.5000, 10.0000, 28.0000, -136.5000, 13.0000, 28.0000, 0, 0, 0
L -141.5000, 394.0000, 28.0000, -172.5000, 393.0000, 28.0000, 0, 0, 0
L -172.5000, 393.0000, 28.0000, -141.5000, 394.0000, 28.0000, 0, 0, 0
L -141.5000, 320.0000, 28.0000, -173.5000, 319.0000, 28.0000, 0, 0, 0
L -173.5000, 319.0000, 28.0000, -141.5000, 320.0000, 28.0000, 0, 0, 0
L -143.5000, 537.0000, 20.8000, -144.5000, 534.0000, 27.5000, 0, 0, 0
L -144.5000, 534.0000, 27.5000, -156.5000, 534.0000, 28.0000, 0, 0, 0
L -156.5000, 534.0000, 28.0000, -156.5000, 527.0000, 20.2653, 0, 0, 0
L -156.5000, 527.0000, 20.2653, -162.5000, 525.0000, 28.0000, 0, 0, 0
L -162.5000, 525.0000, 28.0000, -162.5000, 540.0000, 28.0000, 0, 0, 0
L -162.5000, 540.0000, 28.0000, -155.5000, 540.0000, 28.0000, 0, 0, 0
L -155.5000, 540.0000, 28.0000, -155.5000, 543.0000, 28.0000, 0, 0, 0
L -155.5000, 543.0000, 28.0000, -164.5000, 543.0000, 28.0000, 0, 0, 0
L -164.5000, 543.0000, 28.0000, -164.5000, 484.0000, 28.0000, 0, 0, 0
L -164.5000, 484.0000, 28.0000, -155.5000, 484.0000, 28.0000, 0, 0, 0
L -155.5000, 484.0000, 28.0000, -162.5000, 486.0000, 28.0000, 0, 0, 0
L -162.5000, 486.0000, 28.0000, -162.5000, 502.0000, 28.0000, 0, 0, 0
L -162.5000, 502.0000, 28.0000, -156.5000, 500.0000, 20.4000, 0, 0, 0
L -156.5000, 500.0000, 20.4000, -156.5000, 492.0000, 28.0000, 0, 0, 0
L -156.5000, 492.0000, 28.0000, -145.5000, 492.0000, 27.5000, 0, 0, 0
L -145.5000, 492.0000, 27.5000, -143.5000, 488.0000, 20.8000, 0, 0, 0
L -143.5000, 488.0000, 20.8000, -145.5000, 485.0000, 27.5000, 0, 0, 0
L -145.5000, 485.0000, 27.5000, -151.5000, 485.0000, 27.5000, 0, 0, 0
L -151.5000, 485.0000, 27.5000, -151.5000, 452.0000, 27.5000, 0, 0, 0
L -151.5000, 452.0000, 27.5000, -185.5000, 454.0000, 32.0539, 0, 0, 0
L -185.5000, 454.0000, 32.0539, -185.5000, 445.0000, 20.4000, 0, 0, 0
L -185.5000, 445.0000, 20.4000, -190.5000, 443.0000, 28.0000, 0, 0, 0
L -190.5000, 443.0000, 28.0000, -192.5000, 456.0000, 28.0000, 0, 0, 0
L -192.5000, 456.0000, 28.0000, -199.5000, 456.0000, 20.5333, 0, 0, 0
L -199.5000, 456.0000, 20.5333, -201.5000, 463.0000, 21.8666, 0, 0, 0
L -201.5000, 463.0000, 21.8666, -186.5000, 463.0000, 28.0000, 0, 0, 0
L -186.5000, 463.0000, 28.0000, -186.5000, 456.0000, 28.0000, 0, 0, 0
L -186.5000, 456.0000, 28.0000, -183.5000, 456.0000, 28.0000, 0, 0, 0
L -183.5000, 456.0000, 28.0000, -183.5000, 465.0000, 28.0000, 0, 0, 0
L -183.5000, 465.0000, 28.0000, -241.5000, 465.0000, 28.0000, 0, 0, 0
L -241.5000, 465.0000, 28.0000, -242.5000, 456.0000, 28.0000, 0, 0, 0
L -242.5000, 456.0000, 28.0000, -239.5000, 463.0000, 28.0000, 0, 0, 0
L -239.5000, 463.0000, 28.0000, -224.5000, 463.0000, 28.0000, 0, 0, 0
L -224.5000, 463.0000, 28.0000, -226.5000, 456.0000, 28.0000, 0, 0, 0
L -226.5000, 456.0000, 28.0000, -234.5000, 456.0000, 28.0000, 0, 0, 0
L -234.5000, 456.0000, 28.0000, -234.5000, 445.0000, 28.0000, 0, 0, 0
L -234.5000, 445.0000, 28.0000, -237.5000, 444.0000, 21.2000, 0, 0, 0
L -237.5000, 444.0000, 21.2000, -240.5000, 445.0000, 27.5000, 0, 0, 0
L -240.5000, 445.0000, 27.5000, -240.5000, 452.0000, 27.5000, 0, 0, 0
L -240.5000, 452.0000, 27.5000, -274.5000, 452.0000, 27.5000, 0, 0, 0
L -274.5000, 452.0000, 27.5000, -274.5000, 463.0000, 27.5000, 0, 0, 0
L -274.5000, 463.0000, 27.5000, -269.5000, 464.0000, 21.9200, 0, 0, 0
L -269.5000, 464.0000, 21.9200, -274.5000, 466.0000, 27.5000, 0, 0, 0
L -274.5000, 466.0000, 27.5000, -274.5000, 485.0000, 27.5000, 0, 0, 0
L -274.5000, 485.0000, 27.5000, -281.5000, 485.0000, 28.0000, 0, 0, 0
L -281.5000, 485.0000, 28.0000, -281.5000, 492.0000, 28.0000, 0, 0, 0
L -281.5000, 492.0000, 28.0000, -269.5000, 492.0000, 28.0000, 0, 0, 0
L -269.5000, 492.0000, 28.0000, -269.5000, 499.0000, 28.0000, 0, 0, 0
L -269.5000, 499.0000, 28.0000, -263.5000, 502.0000, 22.1000, 0, 0, 0
L -263.5000, 502.0000, 22.1000, -263.5000, 486.0000, 28.0000, 0, 0, 0
L -263.5000, 486.0000, 28.0000, -270.5000, 484.0000, 28.0000, 0, 0, 0
L -270.5000, 484.0000, 28.0000, -261.5000, 484.0000, 28.0000, 0, 0, 0
L -261.5000, 484.0000, 28.0000, -261.5000, 543.0000, 28.0000, 0, 0, 0
L -261.5000, 543.0000, 28.0000, -270.5000, 543.0000, 28.0000, 0, 0, 0
L -270.5000, 543.0000, 28.0000, -270.5000, 540.0000, 28.0000, 0, 0, 0
L -270.5000, 540.0000, 28.0000, -263.5000, 540.0000, 28.0000, 0, 0, 0
L -263.5000, 540.0000, 28.0000, -265.5000, 526.0000, 20.7953, 0, 0, 0
L -265.5000, 526.0000, 20.7953, -269.5000, 525.0000, 28.0000, 0, 0, 0
L -269.5000, 525.0000, 28.0000, -269.5000, 534.0000, 28.0000, 0, 0, 0
L -269.5000, 534.0000, 28.0000, -281.5000, 534.0000, 28.0000, 0, 0, 0
L -281.5000, 534.0000, 28.0000, -281.5000, 541.0000, 28.0000, 0, 0, 0
L -281.5000, 541.0000, 28.0000, -274.5000, 541.0000, 27.5000, 0, 0, 0
L -274.5000, 541.0000, 27.5000, -274.5000, 574.0000, 27.5000, 0, 0, 0
L -274.5000, 574.0000, 27.5000, -241.5000, 572.0000, 31.1937, 0, 0, 0
L -241.5000, 572.0000, 31.1937, -240.5000, 581.0000, 27.5000, 0, 0, 0
L -240.5000, 581.0000, 27.5000, -234.5000, 581.0000, 28.0000, 0, 0, 0
L -234.5000, 581.0000, 28.0000, -234.5000, 570.0000, 28.0000, 0, 0, 0
L -234.5000, 570.0000, 28.0000, -226.5000, 570.0000, 28.0000, 0, 0, 0
L -226.5000, 570.0000, 28.0000, -224.5000, 563.0000, 28.0000, 0, 0, 0
L -224.5000, 563.0000, 28.0000, -239.5000, 563.0000, 28.0000, 0, 0, 0
L -239.5000, 563.0000, 28.0000, -242.5000, 570.0000, 28.0000, 0, 0, 0
L -242.5000, 570.0000, 28.0000, -241.5000, 561.0000, 28.0000, 0, 0, 0
L -241.5000, 561.0000, 28.0000, -183.5000, 561.0000, 28.0000, 0, 0, 0
L -183.5000, 561.0000, 28.0000, -183.5000, 570.0000, 28.0000, 0, 0, 0
L -183.5000, 570.0000, 28.0000, -186.5000, 570.0000, 28.0000, 0, 0, 0
L -186.5000, 570.0000, 28.0000, -186.5000, 563.0000, 28.0000, 0, 0, 0
L -186.5000, 563.0000, 28.0000, -201.5000, 563.0000, 21.8666, 0, 0, 0
L -201.5000, 563.0000, 21.8666, -199.5000, 570.0000, 20.5333, 0, 0, 0
L -199.5000, 570.0000, 20.5333, -192.5000, 570.0000, 28.0000, 0, 0, 0
L -192.5000, 570.0000, 28.0000, -189.5000, 582.0000, 20.7999, 0, 0, 0
L -189.5000, 582.0000, 20.7999, -185.5000, 581.0000, 28.0000, 0, 0, 0
L -185.5000, 581.0000, 28.0000, -185.5000, 574.0000, 27.5000, 0, 0, 0
L -185.5000, 574.0000, 27.5000, -182.5000, 572.0000, 27.5000, 0, 0, 0
L -182.5000, 572.0000, 27.5000, -151.5000, 574.0000, 27.5000, 0, 0, 0
L -151.5000, 574.0000, 27.5000, -151.5000, 549.0000, 21.9201, 0, 0, 0
L -151.5000, 549.0000, 21.9201, -156.5000, 551.0000, 20.3200, 0, 0, 0
L -156.5000, 551.0000, 20.3200, -156.5000, 548.0000, 21.9201, 0, 0, 0
L -156.5000, 548.0000, 21.9201, -151.5000, 548.0000, 21.9201, 0, 0, 0
L -151.5000, 548.0000, 21.9201, -151.5000, 541.0000, 27.5000, 0, 0, 0
L -151.5000, 541.0000, 27.5000, -145.5000, 541.0000, 27.5000, 0, 0, 0
L -145.5000, 541.0000, 27.5000, -143.5000, 537.0000, 20.8000, 0, 0, 0
L -165.5000, 133.0000, 28.0000, -190.5000, 133.0000, 28.0000, 0, 0, 0
L -190.5000, 133.0000, 28.0000, -190.5000, 104.0000, 28.0000, 0, 0, 0
L -190.5000, 104.0000, 28.0000, -165.5000, 104.0000, 28.0000, 0, 0, 0
L -165.5000, 104.0000, 28.0000, -165.5000, 133.0000, 28.0000, 0, 0, 0
L -167.5000, -99.0000, 23.1000, -188.5000, -99.0000, 22.8001, 0, 0, 0
L -188.5000, -99.0000, 22.8001, -188.5000, -228.0000, 22.8001, 0, 0, 0
L -188.5000, -228.0000, 22.8001, -167.5000, -228.0000, 23.1000, 0, 0, 0
L -167.5000, -228.0000, 23.1000, -167.5000, -99.0000, 23.1000, 0, 0, 0
L -201.5000, 9.0000, 28.0000, -230.5000, 9.0000, 28.0000, 0, 0, 0
L -230.5000, 9.0000, 28.0000, -230.5000, -20.0000, 28.0000, 0, 0, 0
L -230.5000, -20.0000, 28.0000, -217.5000, -20.0000, 28.0000, 0, 0, 0
L -217.5000, -20.0000, 28.0000, -201.5000, -4.0000, 28.0000, 0, 0, 0
L -201.5000, -4.0000, 28.0000, -201.5000, 9.0000, 28.0000, 0, 0, 0
L -201.5000, -81.0000, 28.0000, -216.5000, -67.0000, 28.0000, 0, 0, 0
L -216.5000, -67.0000, 28.0000, -230.5000, -67.0000, 28.0000, 0, 0, 0
L -230.5000, -67.0000, 28.0000, -230.5000, -96.0000, 28.0000, 0, 0, 0
L -230.5000, -96.0000, 28.0000, -201.5000, -96.0000, 28.0000, 0, 0, 0
L -201.5000, -96.0000, 28.0000, -201.5000, -81.0000, 28.0000, 0, 0, 0
L -233.5000, -7.0000, 28.0000, -281.5000, -7.0000, 28.0000, 0, 0, 0
L -281.5000, -7.0000, 28.0000, -281.5000, 25.0000, 28.0000, 0, 0, 0
L -281.5000, 25.0000, 28.0000, -322.5000, 25.0000, 28.0000, 0, 0, 0
L -322.5000, 25.0000, 28.0000, -322.5000, -80.0000, 28.0000, 0, 0, 0
L -322.5000, -80.0000, 28.0000, -233.5000, -80.0000, 28.0000, 0, 0, 0
L -233.5000, -80.0000, 28.0000, -233.5000, -7.0000, 28.0000, 0, 0, 0
L -240.5000, 169.0000, 24.2836, -373.5000, 169.0000, 24.2473, 0, 0, 0
L -373.5000, 169.0000, 24.2473, -373.5000, 48.0000, 23.9793, 0, 0, 0
L -373.5000, 48.0000, 23.9793, -240.5000, 48.0000, 24.0364, 0, 0, 0
L -240.5000, 48.0000, 24.0364, -240.5000, 169.0000, 24.2836, 0, 0, 0
L -242.5000, 96.0000, 24.2049, -259.5000, 95.0000, 26.0523, 0, 0, 0
L -259.5000, 95.0000, 26.0523, -260.5000, 82.0000, 27.9937, 0, 0, 0
L -260.5000, 82.0000, 27.9937, -260.5000, 96.0000, 26.0807, 0, 0, 0
L -260.5000, 96.0000, 26.0807, -242.5000, 96.0000, 24.2049, 0, 0, 0
L -248.5000, 367.0000, 23.7000, -385.5000, 367.0000, 22.5000, 0, 0, 0
L -385.5000, 367.0000, 22.5000, -385.5000, 347.0000, 22.8001, 0, 0, 0
L -385.5000, 347.0000, 22.8001, -326.5000, 347.0000, 23.3863, 0, 0, 0
L -326.5000, 347.0000, 23.3863, -327.5000, 296.0000, 22.8563, 0, 0, 0
L -327.5000, 296.0000, 22.8563, -306.5000, 296.0000, 23.1000, 0, 0, 0
L -306.5000, 296.0000, 23.1000, -306.5000, 347.0000, 22.5000, 0, 0, 0
L -306.5000, 347.0000, 22.5000, -248.5000, 347.0000, 22.8001, 0, 0, 0
L -248.5000, 347.0000, 22.8001, -248.5000, 367.0000, 23.7000, 0, 0, 0
L -260.5000, 293.0000, 24.0000, -393.5000, 293.0000, 23.9932, 0, 0, 0
L -393.5000, 293.0000, 23.9932, -393.5000, 247.0000, 27.9091, 0, 0, 0
L -393.5000, 247.0000, 27.9091, -374.5000, 246.0000, 25.9339, 0, 0, 0
L -374.5000, 246.0000, 25.9339, -373.5000, 260.0000, 27.9991, 0, 0, 0
L -373.5000, 260.0000, 27.9991, -373.5000, 245.0000, 25.9063, 0, 0, 0
L -373.5000, 245.0000, 25.9063, -393.5000, 246.0000, 28.0163, 0, 0, 0
L -393.5000, 246.0000, 28.0163, -393.5000, 172.0000, 24.0518, 0, 0, 0
L -393.5000, 172.0000, 24.0518, -260.5000, 172.0000, 23.9128, 0, 0, 0
L -260.5000, 172.0000, 23.9128, -260.5000, 293.0000, 24.0000, 0, 0, 0
L -294.5000, -273.0000, 19.5249, -298.5000, -262.0000, 23.8908, 0, 0, 0
L -298.5000, -262.0000, 23.8908, -296.5000, -233.0000, 22.8158, 0, 0, 0
L -296.5000, -233.0000, 22.8158, -309.5000, -220.0000, 23.7686, 0, 0, 0
L -309.5000, -220.0000, 23.7686, -319.5000, -219.0000, 24.2061, 0, 0, 0
L -319.5000, -219.0000, 24.2061, -331.5000, -208.0000, 22.4800, 0, 0, 0
L -331.5000, -208.0000, 22.4800, -335.5000, -181.0000, 23.6856, 0, 0, 0
L -335.5000, -181.0000, 23.6856, -341.5000, -174.0000, 24.4000, 0, 0, 0
L -341.5000, -174.0000, 24.4000, -342.5000, -165.0000, 24.0710, 0, 0, 0
L -342.5000, -165.0000, 24.0710, -353.5000, -152.0000, 22.2869, 0, 0, 0
L -353.5000, -152.0000, 22.2869, -362.5000, -146.0000, 23.9600, 0, 0, 0
L -362.5000, -146.0000, 23.9600, -387.5000, -150.0000, 23.1748, 0, 0, 0
L -387.5000, -150.0000, 23.1748, -400.5000, -148.0000, 23.3359, 0, 0, 0
L -400.5000, -148.0000, 23.3359, -428.5000, -140.0000, 22.5294, 0, 0, 0
L -428.5000, -140.0000, 22.5294, -438.5000, -132.0000, 22.9600, 0, 0, 0
L -438.5000, -132.0000, 22.9600, -440.5000, -118.0000, 24.0400, 0, 0, 0
L -440.5000, -118.0000, 24.0400, -445.5000, -112.0000, 24.2000, 0, 0, 0
L -445.5000, -112.0000, 24.2000, -446.5000, -95.0000, 22.1800, 0, 0, 0
L -446.5000, -95.0000, 22.1800, -444.5000, -81.0000, 24.6400, 0, 0, 0
L -444.5000, -81.0000, 24.6400, -438.5000, -68.0000, 22.8000, 0, 0, 0
L -438.5000, -68.0000, 22.8000, -436.5000, -38.0000, 24.0406, 0, 0, 0
L -436.5000, -38.0000, 24.0406, -430.5000, -27.0000, 22.8000, 0, 0, 0
L -430.5000, -27.0000, 22.8000, -430.5000, -19.0000, 22.7976, 0, 0, 0
L -430.5000, -19.0000, 22.7976, -436.5000, -7.0000, 24.7500, 0, 0, 0
L -436.5000, -7.0000, 24.7500, -436.5000, 5.0000, 23.2000, 0, 0, 0
L -436.5000, 5.0000, 23.2000, -438.5000, 9.0000, 22.7222, 0, 0, 0
L -438.5000, 9.0000, 22.7222, -474.5000, 9.0000, 22.4502, 0, 0, 0
L -474.5000, 9.0000, 22.4502, -473.5000, 0.0000, 23.9597, 0, 0, 0
L -473.5000, 0.0000, 23.9597, -467.5000, -8.0000, 24.0000, 0, 0, 0
L -467.5000, -8.0000, 24.0000, -467.5000, -28.0000, 23.4001, 0, 0, 0
L -467.5000, -28.0000, 23.4001, -468.5000, -39.0000, 24.1600, 0, 0, 0
L -468.5000, -39.0000, 24.1600, -474.5000, -52.0000, 22.6001, 0, 0, 0
L -474.5000, -52.0000, 22.6001, -475.5000, -80.0000, 24.0800, 0, 0, 0
L -475.5000, -80.0000, 24.0800, -482.5000, -93.0000, 22.6001, 0, 0, 0
L -482.5000, -93.0000, 22.6001, -482.5000, -101.0000, 22.9930, 0, 0, 0
L -482.5000, -101.0000, 22.9930, -476.5000, -112.0000, 24.0000, 0, 0, 0
L -476.5000, -112.0000, 24.0000, -474.5000, -132.0000, 22.2401, 0, 0, 0
L -474.5000, -132.0000, 22.2401, -514.5000, -167.0000, 22.8032, 0, 0, 0
L -514.5000, -167.0000, 22.8032, -533.5000, -171.0000, 23.9600, 0, 0, 0
L -533.5000, -171.0000, 23.9600, -543.5000, -177.0000, 21.9995, 0, 0, 0
L -543.5000, -177.0000, 21.9995, -553.5000, -189.0000, 23.7747, 0, 0, 0
L -553.5000, -189.0000, 23.7747, -563.5000, -218.0000, 20.7547, 0, 0, 0
L -563.5000, -218.0000, 20.7547, -559.5000, -236.0000, 23.5371, 0, 0, 0
L -559.5000, -236.0000, 23.5371, -562.5000, -264.0000, 22.3797, 0, 0, 0
L -562.5000, -264.0000, 22.3797, -554.5000, -277.0000, 23.9996, 0, 0, 0
L -554.5000, -277.0000, 23.9996, -553.5000, -286.0000, 23.7792, 0, 0, 0
L -553.5000, -286.0000, 23.7792, -543.5000, -298.0000, 21.9996, 0, 0, 0
L -543.5000, -298.0000, 21.9996, -536.5000, -303.0000, 23.6200, 0, 0, 0
L -536.5000, -303.0000, 23.6200, -526.5000, -304.0000, 24.0563, 0, 0, 0
L -526.5000, -304.0000, 24.0563, -513.5000, -318.0000, 22.1497, 0, 0, 0
L -513.5000, -318.0000, 22.1497, -511.5000, -341.0000, 23.2320, 0, 0, 0
L -511.5000, -341.0000, 23.2320, -514.5000, -356.0000, 22.0800, 0, 0, 0
L -514.5000, -356.0000, 22.0800, -507.5000, -372.0000, 23.6801, 0, 0, 0
L -507.5000, -372.0000, 23.6801, -510.5000, -394.0000, 22.2632, 0, 0, 0
L -510.5000, -394.0000, 22.2632, -505.5000, -399.0000, 21.8745, 0, 0, 0
L -505.5000, -399.0000, 21.8745, -483.5000, -401.0000, 22.4240, 0, 0, 0
L -483.5000, -401.0000, 22.4240, -464.5000, -393.0000, 23.8771, 0, 0, 0
L -464.5000, -393.0000, 23.8771, -443.5000, -405.0000, 22.0606, 0, 0, 0
L -443.5000, -405.0000, 22.0606, -438.5000, -405.0000, 22.2534, 0, 0, 0
L -438.5000, -405.0000, 22.2534, -416.5000, -389.0000, 23.8108, 0, 0, 0
L -416.5000, -389.0000, 23.8108, -393.5000, -405.0000, 22.2403, 0, 0, 0
L -393.5000, -405.0000, 22.2403, -381.5000, -398.0000, 23.9083, 0, 0, 0
L -381.5000, -398.0000, 23.9083, -362.5000, -394.0000, 22.3745, 0, 0, 0
L -362.5000, -394.0000, 22.3745, -340.5000, -399.0000, 21.9926, 0, 0, 0
L -340.5000, -399.0000, 21.9926, -335.5000, -394.0000, 22.0000, 0, 0, 0
L -335.5000, -394.0000, 22.0000, -338.5000, -372.0000, 24.2000, 0, 0, 0
L -338.5000, -372.0000, 24.2000, -331.5000, -356.0000, 22.0600, 0, 0, 0
L -331.5000, -356.0000, 22.0600, -335.5000, -335.0000, 24.1431, 0, 0, 0
L -335.5000, -335.0000, 24.1431, -331.5000, -315.0000, 22.4337, 0, 0, 0
L -331.5000, -315.0000, 22.4337, -319.5000, -304.0000, 24.0862, 0, 0, 0
L -319.5000, -304.0000, 24.0862, -311.5000, -304.0000, 23.9201, 0, 0, 0
L -311.5000, -304.0000, 23.9201, -301.5000, -297.0000, 22.4000, 0, 0, 0
L -301.5000, -297.0000, 22.4000, -296.5000, -288.0000, 22.9063, 0, 0, 0
L -296.5000, -288.0000, 22.9063, -294.5000, -273.0000, 19.5249, 0, 0, 0
L -301.5000, -236.0000, 27.9283, -304.5000, -258.0000, 27.9842, 0, 0, 0
L -304.5000, -258.0000, 27.9842, -303.5000, -292.0000, 27.7600, 0, 0, 0
L -303.5000, -292.0000, 27.7600, -311.5000, -298.0000, 27.8000, 0, 0, 0
L -311.5000, -298.0000, 27.8000, -321.5000, -300.0000, 28.0308, 0, 0, 0
L -321.5000, -300.0000, 28.0308, -338.5000, -318.0000, 28.0789, 0, 0, 0
L -338.5000, -318.0000, 28.0789, -337.5000, -356.0000, 28.0200, 0, 0, 0
L -337.5000, -356.0000, 28.0200, -343.5000, -371.0000, 28.0100, 0, 0, 0
L -343.5000, -371.0000, 28.0100, -341.5000, -393.0000, 27.1340, 0, 0, 0
L -341.5000, -393.0000, 27.1340, -362.5000, -388.0000, 28.0023, 0, 0, 0
L -362.5000, -388.0000, 28.0023, -393.5000, -399.0000, 28.0627, 0, 0, 0
L -393.5000, -399.0000, 28.0627, -413.5000, -384.0000, 27.5558, 0, 0, 0
L -413.5000, -384.0000, 27.5558, -439.5000, -399.0000, 27.7954, 0, 0, 0
L -439.5000, -399.0000, 27.7954, -464.5000, -388.0000, 27.9159, 0, 0, 0
L -464.5000, -388.0000, 27.9159, -485.5000, -396.0000, 27.0840, 0, 0, 0
L -485.5000, -396.0000, 27.0840, -504.5000, -393.0000, 27.4505, 0, 0, 0
L -504.5000, -393.0000, 27.4505, -502.5000, -372.0000, 27.7025, 0, 0, 0
L -502.5000, -372.0000, 27.7025, -508.5000, -357.0000, 26.8001, 0, 0, 0
L -508.5000, -357.0000, 26.8001, -508.5000, -315.0000, 27.4741, 0, 0, 0
L -508.5000, -315.0000, 27.4741, -521.5000, -302.0000, 28.0384, 0, 0, 0
L -521.5000, -302.0000, 28.0384, -534.5000, -298.0000, 27.2801, 0, 0, 0
L -534.5000, -298.0000, 27.2801, -544.5000, -290.0000, 26.5881, 0, 0, 0
L -544.5000, -290.0000, 26.5881, -556.5000, -264.0000, 26.8028, 0, 0, 0
L -556.5000, -264.0000, 26.8028, -556.5000, -211.0000, 27.0398, 0, 0, 0
L -556.5000, -211.0000, 27.0398, -542.5000, -183.0000, 28.0300, 0, 0, 0
L -542.5000, -183.0000, 28.0300, -534.5000, -177.0000, 27.7600, 0, 0, 0
L -534.5000, -177.0000, 27.7600, -514.5000, -173.0000, 27.5947, 0, 0, 0
L -514.5000, -173.0000, 27.5947, -469.5000, -133.0000, 28.0000, 0, 0, 0
L -469.5000, -133.0000, 28.0000, -442.5000, -133.0000, 27.7598, 0, 0, 0
L -442.5000, -133.0000, 27.7598, -433.5000, -144.0000, 27.6609, 0, 0, 0
L -433.5000, -144.0000, 27.6609, -409.5000, -151.0000, 27.9999, 0, 0, 0
L -409.5000, -151.0000, 27.9999, -391.5000, -155.0000, 27.9999, 0, 0, 0
L -391.5000, -155.0000, 27.9999, -373.5000, -151.0000, 28.0420, 0, 0, 0
L -373.5000, -151.0000, 28.0420, -361.5000, -152.0000, 27.9999, 0, 0, 0
L -361.5000, -152.0000, 27.9999, -348.5000, -165.0000, 28.0148, 0, 0, 0
L -348.5000, -165.0000, 28.0148, -346.5000, -175.0000, 27.8999, 0, 0, 0
L -346.5000, -175.0000, 27.8999, -341.5000, -181.0000, 27.9307, 0, 0, 0
L -341.5000, -181.0000, 27.9307, -337.5000, -208.0000, 27.7599, 0, 0, 0
L -337.5000, -208.0000, 27.7599, -321.5000, -223.0000, 27.9307, 0, 0, 0
L -321.5000, -223.0000, 27.9307, -304.5000, -230.0000, 27.5682, 0, 0, 0
L -304.5000, -230.0000, 27.5682, -301.5000, -236.0000, 27.9283, 0, 0, 0
L -307.5000, 485.0000, 28.0000, -309.5000, 459.0000, 28.0000, 0, 0, 0
L -309.5000, 459.0000, 28.0000, -307.5000, 485.0000, 28.0000, 0, 0, 0
L -323.5000, 25.0000, 28.0000, -370.5000, 25.0000, 28.0000, 0, 0, 0
L -370.5000, 25.0000, 28.0000, -370.5000, -48.0000, 28.0000, 0, 0, 0
L -370.5000, -48.0000, 28.0000, -323.5000, -48.0000, 28.0000, 0, 0, 0
L -323.5000, -48.0000, 28.0000, -323.5000, 25.0000, 28.0000, 0, 0, 0
L -387.5000, 52.0000, 17.8954, -390.5000, 55.0000, 28.3859, 0, 0, 0
L -390.5000, 55.0000, 28.3859, -388.5000, 59.0000, 27.0012, 0, 0, 0
L -388.5000, 59.0000, 27.0012, -395.5000, 65.0000, 27.3798, 0, 0, 0
L -395.5000, 65.0000, 27.3798, -388.5000, 66.0000, 17.9412, 0, 0, 0
L -388.5000, 66.0000, 17.9412, -388.5000, 69.0000, 17.6447, 0, 0, 0
L -388.5000, 69.0000, 17.6447, -393.5000, 77.0000, 21.3152, 0, 0, 0
L -393.5000, 77.0000, 21.3152, -395.5000, 75.0000, 27.3043, 0, 0, 0
L -395.5000, 75.0000, 27.3043, -391.5000, 98.0000, 27.4409, 0, 0, 0
L -391.5000, 98.0000, 27.4409, -398.5000, 107.0000, 25.0407, 0, 0, 0
L -398.5000, 107.0000, 25.0407, -392.5000, 106.0000, 18.7667, 0, 0, 0
L -392.5000, 106.0000, 18.7667, -396.5000, 117.0000, 22.3133, 0, 0, 0
L -396.5000, 117.0000, 22.3133, -399.5000, 114.0000, 26.1502, 0, 0, 0
L -399.5000, 114.0000, 26.1502, -398.5000, 132.0000, 30.8161, 0, 0, 0
L -398.5000, 132.0000, 30.8161, -407.5000, 137.0000, 34.8668, 0, 0, 0
L -407.5000, 137.0000, 34.8668, -433.5000, 139.0000, 35.0000, 0, 0, 0
L -433.5000, 139.0000, 35.0000, -499.5000, 139.0000, 23.2167, 0, 0, 0
L -499.5000, 139.0000, 23.2167, -516.5000, 131.0000, 29.9437, 0, 0, 0
L -516.5000, 131.0000, 29.9437, -514.5000, 114.0000, 23.1931, 0, 0, 0
L -514.5000, 114.0000, 23.1931, -517.5000, 117.0000, 22.2921, 0, 0, 0
L -517.5000, 117.0000, 22.2921, -522.5000, 107.0000, 18.4790, 0, 0, 0
L -522.5000, 107.0000, 18.4790, -516.5000, 107.0000, 21.7613, 0, 0, 0
L -516.5000, 107.0000, 21.7613, -522.5000, 98.0000, 27.0645, 0, 0, 0
L -522.5000, 98.0000, 27.0645, -518.5000, 75.0000, 22.5290, 0, 0, 0
L -518.5000, 75.0000, 22.5290, -521.5000, 76.0000, 20.3510, 0, 0, 0
L -521.5000, 76.0000, 20.3510, -525.5000, 69.0000, 17.4236, 0, 0, 0
L -525.5000, 69.0000, 17.4236, -525.5000, 66.0000, 17.2494, 0, 0, 0
L -525.5000, 66.0000, 17.2494, -522.5000, 66.0000, 20.7431, 0, 0, 0
L -522.5000, 66.0000, 20.7431, -528.5000, 60.0000, 18.1199, 0, 0, 0
L -528.5000, 60.0000, 18.1199, -528.5000, 57.0000, 18.3817, 0, 0, 0
L -528.5000, 57.0000, 18.3817, -523.5000, 60.0000, 21.5472, 0, 0, 0
L -523.5000, 60.0000, 21.5472, -526.5000, 56.0000, 26.9995, 0, 0, 0
L -526.5000, 56.0000, 26.9995, -517.5000, 44.0000, 31.5790, 0, 0, 0
L -517.5000, 44.0000, 31.5790, -517.5000, 38.0000, 27.5374, 0, 0, 0
L -517.5000, 38.0000, 27.5374, -521.5000, 37.0000, 35.5030, 0, 0, 0
L -521.5000, 37.0000, 35.5030, -521.5000, 10.0000, 31.4872, 0, 0, 0
L -521.5000, 10.0000, 31.4872, -510.5000, 11.0000, 36.1193, 0, 0, 0
L -510.5000, 11.0000, 36.1193, -510.5000, 26.0000, 35.6563, 0, 0, 0
L -510.5000, 26.0000, 35.6563, -494.5000, 19.0000, 19.2492, 0, 0, 0
L -494.5000, 19.0000, 19.2492, -481.5000, 21.0000, 21.4176, 0, 0, 0
L -481.5000, 21.0000, 21.4176, -472.5000, 17.0000, 20.8917, 0, 0, 0
L -472.5000, 17.0000, 20.8917, -467.5000, 21.0000, 28.4551, 0, 0, 0
L -467.5000, 21.0000, 28.4551, -469.5000, 18.0000, 17.8725, 0, 0, 0
L -469.5000, 18.0000, 17.8725, -464.5000, 17.0000, 19.4725, 0, 0, 0
L -464.5000, 17.0000, 19.4725, -445.5000, 20.0000, 18.9324, 0, 0, 0
L -445.5000, 20.0000, 18.9324, -440.5000, 17.0000, 21.0603, 0, 0, 0
L -440.5000, 17.0000, 21.0603, -431.5000, 24.0000, 26.3109, 0, 0, 0
L -431.5000, 24.0000, 26.3109, -432.5000, 20.0000, 19.2351, 0, 0, 0
L -432.5000, 20.0000, 19.2351, -420.5000, 21.0000, 21.6659, 0, 0, 0
L -420.5000, 21.0000, 21.6659, -410.5000, 30.0000, 28.7903, 0, 0, 0
L -410.5000, 30.0000, 28.7903, -404.5000, 29.0000, 27.6502, 0, 0, 0
L -404.5000, 29.0000, 27.6502, -403.5000, 11.0000, 36.3914, 0, 0, 0
L -403.5000, 11.0000, 36.3914, -388.5000, 10.0000, 36.5000, 0, 0, 0
L -388.5000, 10.0000, 36.5000, -388.5000, 37.0000, 36.4422, 0, 0, 0
L -388.5000, 37.0000, 36.4422, -393.5000, 38.0000, 21.2918, 0, 0, 0
L -393.5000, 38.0000, 21.2918, -387.5000, 52.0000, 17.8954, 0, 0, 0
L -396.5000, 219.0000, 23.7000, -446.5000, 219.0000, 23.1000, 0, 0, 0
L -446.5000, 219.0000, 23.1000, -446.5000, 277.0000, 23.1000, 0, 0, 0
L -446.5000, 277.0000, 23.1000, -467.5000, 277.0000, 22.8001, 0, 0, 0
L -467.5000, 277.0000, 22.8001, -467.5000, 140.0000, 22.8001, 0, 0, 0
L -467.5000, 140.0000, 22.8001, -446.5000, 140.0000, 23.1000, 0, 0, 0
L -446.5000, 140.0000, 23.1000, -446.5000, 199.0000, 23.1000, 0, 0, 0
L -446.5000, 199.0000, 23.1000, -396.5000, 199.0000, 22.8001, 0, 0, 0
L -396.5000, 199.0000, 22.8001, -396.5000, 219.0000, 23.7000, 0, 0, 0
L -400.5000, 109.0000, 24.5253, -401.5000, 99.0000, 35.8231, 0, 0, 0
L -401.5000, 99.0000, 35.8231, -406.5000, 115.0000, 35.3276, 0, 0, 0
L -406.5000, 115.0000, 35.3276, -400.5000, 109.0000, 24.5253, 0, 0, 0
L -427.5000, 29.0000, 34.1965, -439.5000, 24.0000, 26.6818, 0, 0, 0
L -439.5000, 24.0000, 26.6818, -460.5000, 25.0000, 30.0044, 0, 0, 0
L -460.5000, 25.0000, 30.0044, -435.5000, 26.0000, 33.7188, 0, 0, 0
L -435.5000, 26.0000, 33.7188, -427.5000, 29.0000, 34.1965, 0, 0, 0
L -507.5000, 114.0000, 33.1719, -508.5000, 106.0000, 35.8995, 0, 0, 0
L -508.5000, 106.0000, 35.8995, -513.5000, 99.0000, 33.5032, 0, 0, 0
L -513.5000, 99.0000, 33.5032, -513.5000, 109.0000, 24.3032, 0, 0, 0
L -513.5000, 109.0000, 24.3032, -507.5000, 114.0000, 33.1719, 0, 0, 0
